0 Geometry file generated ... 
* Cube with ...  
Q 1  5.5000e-01 3.0000e-01 3.0000e-01 5.5000e-01 3.5000e-01 3.0000e-01 5.5000e-01 3.5000e-01 3.5000e-01 5.5000e-01 3.0000e-01 3.5000e-01 
Q 1  5.5000e-01 3.0000e-01 6.5000e-01 5.5000e-01 3.5000e-01 6.5000e-01 5.5000e-01 3.5000e-01 7.0000e-01 5.5000e-01 3.0000e-01 7.0000e-01 
Q 1  5.5000e-01 6.5000e-01 3.0000e-01 5.5000e-01 7.0000e-01 3.0000e-01 5.5000e-01 7.0000e-01 3.5000e-01 5.5000e-01 6.5000e-01 3.5000e-01 
Q 1  5.5000e-01 6.5000e-01 6.5000e-01 5.5000e-01 7.0000e-01 6.5000e-01 5.5000e-01 7.0000e-01 7.0000e-01 5.5000e-01 6.5000e-01 7.0000e-01 
Q 1  6.0000e-01 2.5000e-01 4.0000e-01 6.0000e-01 3.0000e-01 4.0000e-01 6.0000e-01 3.0000e-01 4.5000e-01 6.0000e-01 2.5000e-01 4.5000e-01 
Q 1  6.0000e-01 2.5000e-01 4.5000e-01 6.0000e-01 3.0000e-01 4.5000e-01 6.0000e-01 3.0000e-01 5.0000e-01 6.0000e-01 2.5000e-01 5.0000e-01 
Q 1  6.0000e-01 2.5000e-01 5.0000e-01 6.0000e-01 3.0000e-01 5.0000e-01 6.0000e-01 3.0000e-01 5.5000e-01 6.0000e-01 2.5000e-01 5.5000e-01 
Q 1  6.0000e-01 2.5000e-01 5.5000e-01 6.0000e-01 3.0000e-01 5.5000e-01 6.0000e-01 3.0000e-01 6.0000e-01 6.0000e-01 2.5000e-01 6.0000e-01 
Q 1  6.0000e-01 4.0000e-01 2.5000e-01 6.0000e-01 4.5000e-01 2.5000e-01 6.0000e-01 4.5000e-01 3.0000e-01 6.0000e-01 4.0000e-01 3.0000e-01 
Q 1  6.0000e-01 4.0000e-01 7.0000e-01 6.0000e-01 4.5000e-01 7.0000e-01 6.0000e-01 4.5000e-01 7.5000e-01 6.0000e-01 4.0000e-01 7.5000e-01 
Q 1  6.0000e-01 4.5000e-01 2.5000e-01 6.0000e-01 5.0000e-01 2.5000e-01 6.0000e-01 5.0000e-01 3.0000e-01 6.0000e-01 4.5000e-01 3.0000e-01 
Q 1  6.0000e-01 4.5000e-01 7.0000e-01 6.0000e-01 5.0000e-01 7.0000e-01 6.0000e-01 5.0000e-01 7.5000e-01 6.0000e-01 4.5000e-01 7.5000e-01 
Q 1  6.0000e-01 5.0000e-01 2.5000e-01 6.0000e-01 5.5000e-01 2.5000e-01 6.0000e-01 5.5000e-01 3.0000e-01 6.0000e-01 5.0000e-01 3.0000e-01 
Q 1  6.0000e-01 5.0000e-01 7.0000e-01 6.0000e-01 5.5000e-01 7.0000e-01 6.0000e-01 5.5000e-01 7.5000e-01 6.0000e-01 5.0000e-01 7.5000e-01 
Q 1  6.0000e-01 5.5000e-01 2.5000e-01 6.0000e-01 6.0000e-01 2.5000e-01 6.0000e-01 6.0000e-01 3.0000e-01 6.0000e-01 5.5000e-01 3.0000e-01 
Q 1  6.0000e-01 5.5000e-01 7.0000e-01 6.0000e-01 6.0000e-01 7.0000e-01 6.0000e-01 6.0000e-01 7.5000e-01 6.0000e-01 5.5000e-01 7.5000e-01 
Q 1  6.0000e-01 7.0000e-01 4.0000e-01 6.0000e-01 7.5000e-01 4.0000e-01 6.0000e-01 7.5000e-01 4.5000e-01 6.0000e-01 7.0000e-01 4.5000e-01 
Q 1  6.0000e-01 7.0000e-01 4.5000e-01 6.0000e-01 7.5000e-01 4.5000e-01 6.0000e-01 7.5000e-01 5.0000e-01 6.0000e-01 7.0000e-01 5.0000e-01 
Q 1  6.0000e-01 7.0000e-01 5.0000e-01 6.0000e-01 7.5000e-01 5.0000e-01 6.0000e-01 7.5000e-01 5.5000e-01 6.0000e-01 7.0000e-01 5.5000e-01 
Q 1  6.0000e-01 7.0000e-01 5.5000e-01 6.0000e-01 7.5000e-01 5.5000e-01 6.0000e-01 7.5000e-01 6.0000e-01 6.0000e-01 7.0000e-01 6.0000e-01 
Q 1  6.5000e-01 3.0000e-01 3.5000e-01 6.5000e-01 3.5000e-01 3.5000e-01 6.5000e-01 3.5000e-01 4.0000e-01 6.5000e-01 3.0000e-01 4.0000e-01 
Q 1  6.5000e-01 3.0000e-01 4.0000e-01 6.5000e-01 3.5000e-01 4.0000e-01 6.5000e-01 3.5000e-01 4.5000e-01 6.5000e-01 3.0000e-01 4.5000e-01 
Q 1  6.5000e-01 3.0000e-01 5.5000e-01 6.5000e-01 3.5000e-01 5.5000e-01 6.5000e-01 3.5000e-01 6.0000e-01 6.5000e-01 3.0000e-01 6.0000e-01 
Q 1  6.5000e-01 3.0000e-01 6.0000e-01 6.5000e-01 3.5000e-01 6.0000e-01 6.5000e-01 3.5000e-01 6.5000e-01 6.5000e-01 3.0000e-01 6.5000e-01 
Q 1  6.5000e-01 3.5000e-01 3.0000e-01 6.5000e-01 4.0000e-01 3.0000e-01 6.5000e-01 4.0000e-01 3.5000e-01 6.5000e-01 3.5000e-01 3.5000e-01 
Q 1  6.5000e-01 3.5000e-01 6.5000e-01 6.5000e-01 4.0000e-01 6.5000e-01 6.5000e-01 4.0000e-01 7.0000e-01 6.5000e-01 3.5000e-01 7.0000e-01 
Q 1  6.5000e-01 4.0000e-01 3.0000e-01 6.5000e-01 4.5000e-01 3.0000e-01 6.5000e-01 4.5000e-01 3.5000e-01 6.5000e-01 4.0000e-01 3.5000e-01 
Q 1  6.5000e-01 4.0000e-01 6.5000e-01 6.5000e-01 4.5000e-01 6.5000e-01 6.5000e-01 4.5000e-01 7.0000e-01 6.5000e-01 4.0000e-01 7.0000e-01 
Q 1  6.5000e-01 5.5000e-01 3.0000e-01 6.5000e-01 6.0000e-01 3.0000e-01 6.5000e-01 6.0000e-01 3.5000e-01 6.5000e-01 5.5000e-01 3.5000e-01 
Q 1  6.5000e-01 5.5000e-01 6.5000e-01 6.5000e-01 6.0000e-01 6.5000e-01 6.5000e-01 6.0000e-01 7.0000e-01 6.5000e-01 5.5000e-01 7.0000e-01 
Q 1  6.5000e-01 6.0000e-01 3.0000e-01 6.5000e-01 6.5000e-01 3.0000e-01 6.5000e-01 6.5000e-01 3.5000e-01 6.5000e-01 6.0000e-01 3.5000e-01 
Q 1  6.5000e-01 6.0000e-01 6.5000e-01 6.5000e-01 6.5000e-01 6.5000e-01 6.5000e-01 6.5000e-01 7.0000e-01 6.5000e-01 6.0000e-01 7.0000e-01 
Q 1  6.5000e-01 6.5000e-01 3.5000e-01 6.5000e-01 7.0000e-01 3.5000e-01 6.5000e-01 7.0000e-01 4.0000e-01 6.5000e-01 6.5000e-01 4.0000e-01 
Q 1  6.5000e-01 6.5000e-01 4.0000e-01 6.5000e-01 7.0000e-01 4.0000e-01 6.5000e-01 7.0000e-01 4.5000e-01 6.5000e-01 6.5000e-01 4.5000e-01 
Q 1  6.5000e-01 6.5000e-01 5.5000e-01 6.5000e-01 7.0000e-01 5.5000e-01 6.5000e-01 7.0000e-01 6.0000e-01 6.5000e-01 6.5000e-01 6.0000e-01 
Q 1  6.5000e-01 6.5000e-01 6.0000e-01 6.5000e-01 7.0000e-01 6.0000e-01 6.5000e-01 7.0000e-01 6.5000e-01 6.5000e-01 6.5000e-01 6.5000e-01 
Q 1  7.0000e-01 3.0000e-01 4.5000e-01 7.0000e-01 3.5000e-01 4.5000e-01 7.0000e-01 3.5000e-01 5.0000e-01 7.0000e-01 3.0000e-01 5.0000e-01 
Q 1  7.0000e-01 3.0000e-01 5.0000e-01 7.0000e-01 3.5000e-01 5.0000e-01 7.0000e-01 3.5000e-01 5.5000e-01 7.0000e-01 3.0000e-01 5.5000e-01 
Q 1  7.0000e-01 3.5000e-01 3.5000e-01 7.0000e-01 4.0000e-01 3.5000e-01 7.0000e-01 4.0000e-01 4.0000e-01 7.0000e-01 3.5000e-01 4.0000e-01 
Q 1  7.0000e-01 3.5000e-01 4.0000e-01 7.0000e-01 4.0000e-01 4.0000e-01 7.0000e-01 4.0000e-01 4.5000e-01 7.0000e-01 3.5000e-01 4.5000e-01 
Q 1  7.0000e-01 3.5000e-01 4.5000e-01 7.0000e-01 4.0000e-01 4.5000e-01 7.0000e-01 4.0000e-01 5.0000e-01 7.0000e-01 3.5000e-01 5.0000e-01 
Q 1  7.0000e-01 3.5000e-01 5.0000e-01 7.0000e-01 4.0000e-01 5.0000e-01 7.0000e-01 4.0000e-01 5.5000e-01 7.0000e-01 3.5000e-01 5.5000e-01 
Q 1  7.0000e-01 3.5000e-01 5.5000e-01 7.0000e-01 4.0000e-01 5.5000e-01 7.0000e-01 4.0000e-01 6.0000e-01 7.0000e-01 3.5000e-01 6.0000e-01 
Q 1  7.0000e-01 3.5000e-01 6.0000e-01 7.0000e-01 4.0000e-01 6.0000e-01 7.0000e-01 4.0000e-01 6.5000e-01 7.0000e-01 3.5000e-01 6.5000e-01 
Q 1  7.0000e-01 4.0000e-01 3.5000e-01 7.0000e-01 4.5000e-01 3.5000e-01 7.0000e-01 4.5000e-01 4.0000e-01 7.0000e-01 4.0000e-01 4.0000e-01 
Q 1  7.0000e-01 4.0000e-01 6.0000e-01 7.0000e-01 4.5000e-01 6.0000e-01 7.0000e-01 4.5000e-01 6.5000e-01 7.0000e-01 4.0000e-01 6.5000e-01 
Q 1  7.0000e-01 4.5000e-01 3.0000e-01 7.0000e-01 5.0000e-01 3.0000e-01 7.0000e-01 5.0000e-01 3.5000e-01 7.0000e-01 4.5000e-01 3.5000e-01 
Q 1  7.0000e-01 4.5000e-01 3.5000e-01 7.0000e-01 5.0000e-01 3.5000e-01 7.0000e-01 5.0000e-01 4.0000e-01 7.0000e-01 4.5000e-01 4.0000e-01 
Q 1  7.0000e-01 4.5000e-01 6.0000e-01 7.0000e-01 5.0000e-01 6.0000e-01 7.0000e-01 5.0000e-01 6.5000e-01 7.0000e-01 4.5000e-01 6.5000e-01 
Q 1  7.0000e-01 4.5000e-01 6.5000e-01 7.0000e-01 5.0000e-01 6.5000e-01 7.0000e-01 5.0000e-01 7.0000e-01 7.0000e-01 4.5000e-01 7.0000e-01 
Q 1  7.0000e-01 5.0000e-01 3.0000e-01 7.0000e-01 5.5000e-01 3.0000e-01 7.0000e-01 5.5000e-01 3.5000e-01 7.0000e-01 5.0000e-01 3.5000e-01 
Q 1  7.0000e-01 5.0000e-01 3.5000e-01 7.0000e-01 5.5000e-01 3.5000e-01 7.0000e-01 5.5000e-01 4.0000e-01 7.0000e-01 5.0000e-01 4.0000e-01 
Q 1  7.0000e-01 5.0000e-01 6.0000e-01 7.0000e-01 5.5000e-01 6.0000e-01 7.0000e-01 5.5000e-01 6.5000e-01 7.0000e-01 5.0000e-01 6.5000e-01 
Q 1  7.0000e-01 5.0000e-01 6.5000e-01 7.0000e-01 5.5000e-01 6.5000e-01 7.0000e-01 5.5000e-01 7.0000e-01 7.0000e-01 5.0000e-01 7.0000e-01 
Q 1  7.0000e-01 5.5000e-01 3.5000e-01 7.0000e-01 6.0000e-01 3.5000e-01 7.0000e-01 6.0000e-01 4.0000e-01 7.0000e-01 5.5000e-01 4.0000e-01 
Q 1  7.0000e-01 5.5000e-01 6.0000e-01 7.0000e-01 6.0000e-01 6.0000e-01 7.0000e-01 6.0000e-01 6.5000e-01 7.0000e-01 5.5000e-01 6.5000e-01 
Q 1  7.0000e-01 6.0000e-01 3.5000e-01 7.0000e-01 6.5000e-01 3.5000e-01 7.0000e-01 6.5000e-01 4.0000e-01 7.0000e-01 6.0000e-01 4.0000e-01 
Q 1  7.0000e-01 6.0000e-01 4.0000e-01 7.0000e-01 6.5000e-01 4.0000e-01 7.0000e-01 6.5000e-01 4.5000e-01 7.0000e-01 6.0000e-01 4.5000e-01 
Q 1  7.0000e-01 6.0000e-01 4.5000e-01 7.0000e-01 6.5000e-01 4.5000e-01 7.0000e-01 6.5000e-01 5.0000e-01 7.0000e-01 6.0000e-01 5.0000e-01 
Q 1  7.0000e-01 6.0000e-01 5.0000e-01 7.0000e-01 6.5000e-01 5.0000e-01 7.0000e-01 6.5000e-01 5.5000e-01 7.0000e-01 6.0000e-01 5.5000e-01 
Q 1  7.0000e-01 6.0000e-01 5.5000e-01 7.0000e-01 6.5000e-01 5.5000e-01 7.0000e-01 6.5000e-01 6.0000e-01 7.0000e-01 6.0000e-01 6.0000e-01 
Q 1  7.0000e-01 6.0000e-01 6.0000e-01 7.0000e-01 6.5000e-01 6.0000e-01 7.0000e-01 6.5000e-01 6.5000e-01 7.0000e-01 6.0000e-01 6.5000e-01 
Q 1  7.0000e-01 6.5000e-01 4.5000e-01 7.0000e-01 7.0000e-01 4.5000e-01 7.0000e-01 7.0000e-01 5.0000e-01 7.0000e-01 6.5000e-01 5.0000e-01 
Q 1  7.0000e-01 6.5000e-01 5.0000e-01 7.0000e-01 7.0000e-01 5.0000e-01 7.0000e-01 7.0000e-01 5.5000e-01 7.0000e-01 6.5000e-01 5.5000e-01 
Q 1  7.5000e-01 4.0000e-01 4.0000e-01 7.5000e-01 4.5000e-01 4.0000e-01 7.5000e-01 4.5000e-01 4.5000e-01 7.5000e-01 4.0000e-01 4.5000e-01 
Q 1  7.5000e-01 4.0000e-01 4.5000e-01 7.5000e-01 4.5000e-01 4.5000e-01 7.5000e-01 4.5000e-01 5.0000e-01 7.5000e-01 4.0000e-01 5.0000e-01 
Q 1  7.5000e-01 4.0000e-01 5.0000e-01 7.5000e-01 4.5000e-01 5.0000e-01 7.5000e-01 4.5000e-01 5.5000e-01 7.5000e-01 4.0000e-01 5.5000e-01 
Q 1  7.5000e-01 4.0000e-01 5.5000e-01 7.5000e-01 4.5000e-01 5.5000e-01 7.5000e-01 4.5000e-01 6.0000e-01 7.5000e-01 4.0000e-01 6.0000e-01 
Q 1  7.5000e-01 4.5000e-01 4.0000e-01 7.5000e-01 5.0000e-01 4.0000e-01 7.5000e-01 5.0000e-01 4.5000e-01 7.5000e-01 4.5000e-01 4.5000e-01 
Q 1  7.5000e-01 4.5000e-01 4.5000e-01 7.5000e-01 5.0000e-01 4.5000e-01 7.5000e-01 5.0000e-01 5.0000e-01 7.5000e-01 4.5000e-01 5.0000e-01 
Q 1  7.5000e-01 4.5000e-01 5.0000e-01 7.5000e-01 5.0000e-01 5.0000e-01 7.5000e-01 5.0000e-01 5.5000e-01 7.5000e-01 4.5000e-01 5.5000e-01 
Q 1  7.5000e-01 4.5000e-01 5.5000e-01 7.5000e-01 5.0000e-01 5.5000e-01 7.5000e-01 5.0000e-01 6.0000e-01 7.5000e-01 4.5000e-01 6.0000e-01 
Q 1  7.5000e-01 5.0000e-01 4.0000e-01 7.5000e-01 5.5000e-01 4.0000e-01 7.5000e-01 5.5000e-01 4.5000e-01 7.5000e-01 5.0000e-01 4.5000e-01 
Q 1  7.5000e-01 5.0000e-01 4.5000e-01 7.5000e-01 5.5000e-01 4.5000e-01 7.5000e-01 5.5000e-01 5.0000e-01 7.5000e-01 5.0000e-01 5.0000e-01 
Q 1  7.5000e-01 5.0000e-01 5.0000e-01 7.5000e-01 5.5000e-01 5.0000e-01 7.5000e-01 5.5000e-01 5.5000e-01 7.5000e-01 5.0000e-01 5.5000e-01 
Q 1  7.5000e-01 5.0000e-01 5.5000e-01 7.5000e-01 5.5000e-01 5.5000e-01 7.5000e-01 5.5000e-01 6.0000e-01 7.5000e-01 5.0000e-01 6.0000e-01 
Q 1  7.5000e-01 5.5000e-01 4.0000e-01 7.5000e-01 6.0000e-01 4.0000e-01 7.5000e-01 6.0000e-01 4.5000e-01 7.5000e-01 5.5000e-01 4.5000e-01 
Q 1  7.5000e-01 5.5000e-01 4.5000e-01 7.5000e-01 6.0000e-01 4.5000e-01 7.5000e-01 6.0000e-01 5.0000e-01 7.5000e-01 5.5000e-01 5.0000e-01 
Q 1  7.5000e-01 5.5000e-01 5.0000e-01 7.5000e-01 6.0000e-01 5.0000e-01 7.5000e-01 6.0000e-01 5.5000e-01 7.5000e-01 5.5000e-01 5.5000e-01 
Q 1  7.5000e-01 5.5000e-01 5.5000e-01 7.5000e-01 6.0000e-01 5.5000e-01 7.5000e-01 6.0000e-01 6.0000e-01 7.5000e-01 5.5000e-01 6.0000e-01 
Q 1  2.5000e-01 4.0000e-01 4.0000e-01 2.5000e-01 4.5000e-01 4.0000e-01 2.5000e-01 4.5000e-01 4.5000e-01 2.5000e-01 4.0000e-01 4.5000e-01 
Q 1  2.5000e-01 4.0000e-01 4.5000e-01 2.5000e-01 4.5000e-01 4.5000e-01 2.5000e-01 4.5000e-01 5.0000e-01 2.5000e-01 4.0000e-01 5.0000e-01 
Q 1  2.5000e-01 4.0000e-01 5.0000e-01 2.5000e-01 4.5000e-01 5.0000e-01 2.5000e-01 4.5000e-01 5.5000e-01 2.5000e-01 4.0000e-01 5.5000e-01 
Q 1  2.5000e-01 4.0000e-01 5.5000e-01 2.5000e-01 4.5000e-01 5.5000e-01 2.5000e-01 4.5000e-01 6.0000e-01 2.5000e-01 4.0000e-01 6.0000e-01 
Q 1  2.5000e-01 4.5000e-01 4.0000e-01 2.5000e-01 5.0000e-01 4.0000e-01 2.5000e-01 5.0000e-01 4.5000e-01 2.5000e-01 4.5000e-01 4.5000e-01 
Q 1  2.5000e-01 4.5000e-01 4.5000e-01 2.5000e-01 5.0000e-01 4.5000e-01 2.5000e-01 5.0000e-01 5.0000e-01 2.5000e-01 4.5000e-01 5.0000e-01 
Q 1  2.5000e-01 4.5000e-01 5.0000e-01 2.5000e-01 5.0000e-01 5.0000e-01 2.5000e-01 5.0000e-01 5.5000e-01 2.5000e-01 4.5000e-01 5.5000e-01 
Q 1  2.5000e-01 4.5000e-01 5.5000e-01 2.5000e-01 5.0000e-01 5.5000e-01 2.5000e-01 5.0000e-01 6.0000e-01 2.5000e-01 4.5000e-01 6.0000e-01 
Q 1  2.5000e-01 5.0000e-01 4.0000e-01 2.5000e-01 5.5000e-01 4.0000e-01 2.5000e-01 5.5000e-01 4.5000e-01 2.5000e-01 5.0000e-01 4.5000e-01 
Q 1  2.5000e-01 5.0000e-01 4.5000e-01 2.5000e-01 5.5000e-01 4.5000e-01 2.5000e-01 5.5000e-01 5.0000e-01 2.5000e-01 5.0000e-01 5.0000e-01 
Q 1  2.5000e-01 5.0000e-01 5.0000e-01 2.5000e-01 5.5000e-01 5.0000e-01 2.5000e-01 5.5000e-01 5.5000e-01 2.5000e-01 5.0000e-01 5.5000e-01 
Q 1  2.5000e-01 5.0000e-01 5.5000e-01 2.5000e-01 5.5000e-01 5.5000e-01 2.5000e-01 5.5000e-01 6.0000e-01 2.5000e-01 5.0000e-01 6.0000e-01 
Q 1  2.5000e-01 5.5000e-01 4.0000e-01 2.5000e-01 6.0000e-01 4.0000e-01 2.5000e-01 6.0000e-01 4.5000e-01 2.5000e-01 5.5000e-01 4.5000e-01 
Q 1  2.5000e-01 5.5000e-01 4.5000e-01 2.5000e-01 6.0000e-01 4.5000e-01 2.5000e-01 6.0000e-01 5.0000e-01 2.5000e-01 5.5000e-01 5.0000e-01 
Q 1  2.5000e-01 5.5000e-01 5.0000e-01 2.5000e-01 6.0000e-01 5.0000e-01 2.5000e-01 6.0000e-01 5.5000e-01 2.5000e-01 5.5000e-01 5.5000e-01 
Q 1  2.5000e-01 5.5000e-01 5.5000e-01 2.5000e-01 6.0000e-01 5.5000e-01 2.5000e-01 6.0000e-01 6.0000e-01 2.5000e-01 5.5000e-01 6.0000e-01 
Q 1  3.0000e-01 3.0000e-01 4.5000e-01 3.0000e-01 3.5000e-01 4.5000e-01 3.0000e-01 3.5000e-01 5.0000e-01 3.0000e-01 3.0000e-01 5.0000e-01 
Q 1  3.0000e-01 3.0000e-01 5.0000e-01 3.0000e-01 3.5000e-01 5.0000e-01 3.0000e-01 3.5000e-01 5.5000e-01 3.0000e-01 3.0000e-01 5.5000e-01 
Q 1  3.0000e-01 3.5000e-01 3.5000e-01 3.0000e-01 4.0000e-01 3.5000e-01 3.0000e-01 4.0000e-01 4.0000e-01 3.0000e-01 3.5000e-01 4.0000e-01 
Q 1  3.0000e-01 3.5000e-01 4.0000e-01 3.0000e-01 4.0000e-01 4.0000e-01 3.0000e-01 4.0000e-01 4.5000e-01 3.0000e-01 3.5000e-01 4.5000e-01 
Q 1  3.0000e-01 3.5000e-01 4.5000e-01 3.0000e-01 4.0000e-01 4.5000e-01 3.0000e-01 4.0000e-01 5.0000e-01 3.0000e-01 3.5000e-01 5.0000e-01 
Q 1  3.0000e-01 3.5000e-01 5.0000e-01 3.0000e-01 4.0000e-01 5.0000e-01 3.0000e-01 4.0000e-01 5.5000e-01 3.0000e-01 3.5000e-01 5.5000e-01 
Q 1  3.0000e-01 3.5000e-01 5.5000e-01 3.0000e-01 4.0000e-01 5.5000e-01 3.0000e-01 4.0000e-01 6.0000e-01 3.0000e-01 3.5000e-01 6.0000e-01 
Q 1  3.0000e-01 3.5000e-01 6.0000e-01 3.0000e-01 4.0000e-01 6.0000e-01 3.0000e-01 4.0000e-01 6.5000e-01 3.0000e-01 3.5000e-01 6.5000e-01 
Q 1  3.0000e-01 4.0000e-01 3.5000e-01 3.0000e-01 4.5000e-01 3.5000e-01 3.0000e-01 4.5000e-01 4.0000e-01 3.0000e-01 4.0000e-01 4.0000e-01 
Q 1  3.0000e-01 4.0000e-01 6.0000e-01 3.0000e-01 4.5000e-01 6.0000e-01 3.0000e-01 4.5000e-01 6.5000e-01 3.0000e-01 4.0000e-01 6.5000e-01 
Q 1  3.0000e-01 4.5000e-01 3.0000e-01 3.0000e-01 5.0000e-01 3.0000e-01 3.0000e-01 5.0000e-01 3.5000e-01 3.0000e-01 4.5000e-01 3.5000e-01 
Q 1  3.0000e-01 4.5000e-01 3.5000e-01 3.0000e-01 5.0000e-01 3.5000e-01 3.0000e-01 5.0000e-01 4.0000e-01 3.0000e-01 4.5000e-01 4.0000e-01 
Q 1  3.0000e-01 4.5000e-01 6.0000e-01 3.0000e-01 5.0000e-01 6.0000e-01 3.0000e-01 5.0000e-01 6.5000e-01 3.0000e-01 4.5000e-01 6.5000e-01 
Q 1  3.0000e-01 4.5000e-01 6.5000e-01 3.0000e-01 5.0000e-01 6.5000e-01 3.0000e-01 5.0000e-01 7.0000e-01 3.0000e-01 4.5000e-01 7.0000e-01 
Q 1  3.0000e-01 5.0000e-01 3.0000e-01 3.0000e-01 5.5000e-01 3.0000e-01 3.0000e-01 5.5000e-01 3.5000e-01 3.0000e-01 5.0000e-01 3.5000e-01 
Q 1  3.0000e-01 5.0000e-01 3.5000e-01 3.0000e-01 5.5000e-01 3.5000e-01 3.0000e-01 5.5000e-01 4.0000e-01 3.0000e-01 5.0000e-01 4.0000e-01 
Q 1  3.0000e-01 5.0000e-01 6.0000e-01 3.0000e-01 5.5000e-01 6.0000e-01 3.0000e-01 5.5000e-01 6.5000e-01 3.0000e-01 5.0000e-01 6.5000e-01 
Q 1  3.0000e-01 5.0000e-01 6.5000e-01 3.0000e-01 5.5000e-01 6.5000e-01 3.0000e-01 5.5000e-01 7.0000e-01 3.0000e-01 5.0000e-01 7.0000e-01 
Q 1  3.0000e-01 5.5000e-01 3.5000e-01 3.0000e-01 6.0000e-01 3.5000e-01 3.0000e-01 6.0000e-01 4.0000e-01 3.0000e-01 5.5000e-01 4.0000e-01 
Q 1  3.0000e-01 5.5000e-01 6.0000e-01 3.0000e-01 6.0000e-01 6.0000e-01 3.0000e-01 6.0000e-01 6.5000e-01 3.0000e-01 5.5000e-01 6.5000e-01 
Q 1  3.0000e-01 6.0000e-01 3.5000e-01 3.0000e-01 6.5000e-01 3.5000e-01 3.0000e-01 6.5000e-01 4.0000e-01 3.0000e-01 6.0000e-01 4.0000e-01 
Q 1  3.0000e-01 6.0000e-01 4.0000e-01 3.0000e-01 6.5000e-01 4.0000e-01 3.0000e-01 6.5000e-01 4.5000e-01 3.0000e-01 6.0000e-01 4.5000e-01 
Q 1  3.0000e-01 6.0000e-01 4.5000e-01 3.0000e-01 6.5000e-01 4.5000e-01 3.0000e-01 6.5000e-01 5.0000e-01 3.0000e-01 6.0000e-01 5.0000e-01 
Q 1  3.0000e-01 6.0000e-01 5.0000e-01 3.0000e-01 6.5000e-01 5.0000e-01 3.0000e-01 6.5000e-01 5.5000e-01 3.0000e-01 6.0000e-01 5.5000e-01 
Q 1  3.0000e-01 6.0000e-01 5.5000e-01 3.0000e-01 6.5000e-01 5.5000e-01 3.0000e-01 6.5000e-01 6.0000e-01 3.0000e-01 6.0000e-01 6.0000e-01 
Q 1  3.0000e-01 6.0000e-01 6.0000e-01 3.0000e-01 6.5000e-01 6.0000e-01 3.0000e-01 6.5000e-01 6.5000e-01 3.0000e-01 6.0000e-01 6.5000e-01 
Q 1  3.0000e-01 6.5000e-01 4.5000e-01 3.0000e-01 7.0000e-01 4.5000e-01 3.0000e-01 7.0000e-01 5.0000e-01 3.0000e-01 6.5000e-01 5.0000e-01 
Q 1  3.0000e-01 6.5000e-01 5.0000e-01 3.0000e-01 7.0000e-01 5.0000e-01 3.0000e-01 7.0000e-01 5.5000e-01 3.0000e-01 6.5000e-01 5.5000e-01 
Q 1  3.5000e-01 3.0000e-01 3.5000e-01 3.5000e-01 3.5000e-01 3.5000e-01 3.5000e-01 3.5000e-01 4.0000e-01 3.5000e-01 3.0000e-01 4.0000e-01 
Q 1  3.5000e-01 3.0000e-01 4.0000e-01 3.5000e-01 3.5000e-01 4.0000e-01 3.5000e-01 3.5000e-01 4.5000e-01 3.5000e-01 3.0000e-01 4.5000e-01 
Q 1  3.5000e-01 3.0000e-01 5.5000e-01 3.5000e-01 3.5000e-01 5.5000e-01 3.5000e-01 3.5000e-01 6.0000e-01 3.5000e-01 3.0000e-01 6.0000e-01 
Q 1  3.5000e-01 3.0000e-01 6.0000e-01 3.5000e-01 3.5000e-01 6.0000e-01 3.5000e-01 3.5000e-01 6.5000e-01 3.5000e-01 3.0000e-01 6.5000e-01 
Q 1  3.5000e-01 3.5000e-01 3.0000e-01 3.5000e-01 4.0000e-01 3.0000e-01 3.5000e-01 4.0000e-01 3.5000e-01 3.5000e-01 3.5000e-01 3.5000e-01 
Q 1  3.5000e-01 3.5000e-01 6.5000e-01 3.5000e-01 4.0000e-01 6.5000e-01 3.5000e-01 4.0000e-01 7.0000e-01 3.5000e-01 3.5000e-01 7.0000e-01 
Q 1  3.5000e-01 4.0000e-01 3.0000e-01 3.5000e-01 4.5000e-01 3.0000e-01 3.5000e-01 4.5000e-01 3.5000e-01 3.5000e-01 4.0000e-01 3.5000e-01 
Q 1  3.5000e-01 4.0000e-01 6.5000e-01 3.5000e-01 4.5000e-01 6.5000e-01 3.5000e-01 4.5000e-01 7.0000e-01 3.5000e-01 4.0000e-01 7.0000e-01 
Q 1  3.5000e-01 5.5000e-01 3.0000e-01 3.5000e-01 6.0000e-01 3.0000e-01 3.5000e-01 6.0000e-01 3.5000e-01 3.5000e-01 5.5000e-01 3.5000e-01 
Q 1  3.5000e-01 5.5000e-01 6.5000e-01 3.5000e-01 6.0000e-01 6.5000e-01 3.5000e-01 6.0000e-01 7.0000e-01 3.5000e-01 5.5000e-01 7.0000e-01 
Q 1  3.5000e-01 6.0000e-01 3.0000e-01 3.5000e-01 6.5000e-01 3.0000e-01 3.5000e-01 6.5000e-01 3.5000e-01 3.5000e-01 6.0000e-01 3.5000e-01 
Q 1  3.5000e-01 6.0000e-01 6.5000e-01 3.5000e-01 6.5000e-01 6.5000e-01 3.5000e-01 6.5000e-01 7.0000e-01 3.5000e-01 6.0000e-01 7.0000e-01 
Q 1  3.5000e-01 6.5000e-01 3.5000e-01 3.5000e-01 7.0000e-01 3.5000e-01 3.5000e-01 7.0000e-01 4.0000e-01 3.5000e-01 6.5000e-01 4.0000e-01 
Q 1  3.5000e-01 6.5000e-01 4.0000e-01 3.5000e-01 7.0000e-01 4.0000e-01 3.5000e-01 7.0000e-01 4.5000e-01 3.5000e-01 6.5000e-01 4.5000e-01 
Q 1  3.5000e-01 6.5000e-01 5.5000e-01 3.5000e-01 7.0000e-01 5.5000e-01 3.5000e-01 7.0000e-01 6.0000e-01 3.5000e-01 6.5000e-01 6.0000e-01 
Q 1  3.5000e-01 6.5000e-01 6.0000e-01 3.5000e-01 7.0000e-01 6.0000e-01 3.5000e-01 7.0000e-01 6.5000e-01 3.5000e-01 6.5000e-01 6.5000e-01 
Q 1  4.0000e-01 2.5000e-01 4.0000e-01 4.0000e-01 3.0000e-01 4.0000e-01 4.0000e-01 3.0000e-01 4.5000e-01 4.0000e-01 2.5000e-01 4.5000e-01 
Q 1  4.0000e-01 2.5000e-01 4.5000e-01 4.0000e-01 3.0000e-01 4.5000e-01 4.0000e-01 3.0000e-01 5.0000e-01 4.0000e-01 2.5000e-01 5.0000e-01 
Q 1  4.0000e-01 2.5000e-01 5.0000e-01 4.0000e-01 3.0000e-01 5.0000e-01 4.0000e-01 3.0000e-01 5.5000e-01 4.0000e-01 2.5000e-01 5.5000e-01 
Q 1  4.0000e-01 2.5000e-01 5.5000e-01 4.0000e-01 3.0000e-01 5.5000e-01 4.0000e-01 3.0000e-01 6.0000e-01 4.0000e-01 2.5000e-01 6.0000e-01 
Q 1  4.0000e-01 4.0000e-01 2.5000e-01 4.0000e-01 4.5000e-01 2.5000e-01 4.0000e-01 4.5000e-01 3.0000e-01 4.0000e-01 4.0000e-01 3.0000e-01 
Q 1  4.0000e-01 4.0000e-01 7.0000e-01 4.0000e-01 4.5000e-01 7.0000e-01 4.0000e-01 4.5000e-01 7.5000e-01 4.0000e-01 4.0000e-01 7.5000e-01 
Q 1  4.0000e-01 4.5000e-01 2.5000e-01 4.0000e-01 5.0000e-01 2.5000e-01 4.0000e-01 5.0000e-01 3.0000e-01 4.0000e-01 4.5000e-01 3.0000e-01 
Q 1  4.0000e-01 4.5000e-01 7.0000e-01 4.0000e-01 5.0000e-01 7.0000e-01 4.0000e-01 5.0000e-01 7.5000e-01 4.0000e-01 4.5000e-01 7.5000e-01 
Q 1  4.0000e-01 5.0000e-01 2.5000e-01 4.0000e-01 5.5000e-01 2.5000e-01 4.0000e-01 5.5000e-01 3.0000e-01 4.0000e-01 5.0000e-01 3.0000e-01 
Q 1  4.0000e-01 5.0000e-01 7.0000e-01 4.0000e-01 5.5000e-01 7.0000e-01 4.0000e-01 5.5000e-01 7.5000e-01 4.0000e-01 5.0000e-01 7.5000e-01 
Q 1  4.0000e-01 5.5000e-01 2.5000e-01 4.0000e-01 6.0000e-01 2.5000e-01 4.0000e-01 6.0000e-01 3.0000e-01 4.0000e-01 5.5000e-01 3.0000e-01 
Q 1  4.0000e-01 5.5000e-01 7.0000e-01 4.0000e-01 6.0000e-01 7.0000e-01 4.0000e-01 6.0000e-01 7.5000e-01 4.0000e-01 5.5000e-01 7.5000e-01 
Q 1  4.0000e-01 7.0000e-01 4.0000e-01 4.0000e-01 7.5000e-01 4.0000e-01 4.0000e-01 7.5000e-01 4.5000e-01 4.0000e-01 7.0000e-01 4.5000e-01 
Q 1  4.0000e-01 7.0000e-01 4.5000e-01 4.0000e-01 7.5000e-01 4.5000e-01 4.0000e-01 7.5000e-01 5.0000e-01 4.0000e-01 7.0000e-01 5.0000e-01 
Q 1  4.0000e-01 7.0000e-01 5.0000e-01 4.0000e-01 7.5000e-01 5.0000e-01 4.0000e-01 7.5000e-01 5.5000e-01 4.0000e-01 7.0000e-01 5.5000e-01 
Q 1  4.0000e-01 7.0000e-01 5.5000e-01 4.0000e-01 7.5000e-01 5.5000e-01 4.0000e-01 7.5000e-01 6.0000e-01 4.0000e-01 7.0000e-01 6.0000e-01 
Q 1  4.5000e-01 3.0000e-01 3.0000e-01 4.5000e-01 3.5000e-01 3.0000e-01 4.5000e-01 3.5000e-01 3.5000e-01 4.5000e-01 3.0000e-01 3.5000e-01 
Q 1  4.5000e-01 3.0000e-01 6.5000e-01 4.5000e-01 3.5000e-01 6.5000e-01 4.5000e-01 3.5000e-01 7.0000e-01 4.5000e-01 3.0000e-01 7.0000e-01 
Q 1  4.5000e-01 6.5000e-01 3.0000e-01 4.5000e-01 7.0000e-01 3.0000e-01 4.5000e-01 7.0000e-01 3.5000e-01 4.5000e-01 6.5000e-01 3.5000e-01 
Q 1  4.5000e-01 6.5000e-01 6.5000e-01 4.5000e-01 7.0000e-01 6.5000e-01 4.5000e-01 7.0000e-01 7.0000e-01 4.5000e-01 6.5000e-01 7.0000e-01 
Q 1  3.0000e-01 6.0000e-01 4.0000e-01 2.5000e-01 6.0000e-01 4.0000e-01 2.5000e-01 6.0000e-01 4.5000e-01 3.0000e-01 6.0000e-01 4.5000e-01 
Q 1  3.0000e-01 6.0000e-01 4.5000e-01 2.5000e-01 6.0000e-01 4.5000e-01 2.5000e-01 6.0000e-01 5.0000e-01 3.0000e-01 6.0000e-01 5.0000e-01 
Q 1  3.0000e-01 6.0000e-01 5.0000e-01 2.5000e-01 6.0000e-01 5.0000e-01 2.5000e-01 6.0000e-01 5.5000e-01 3.0000e-01 6.0000e-01 5.5000e-01 
Q 1  3.0000e-01 6.0000e-01 5.5000e-01 2.5000e-01 6.0000e-01 5.5000e-01 2.5000e-01 6.0000e-01 6.0000e-01 3.0000e-01 6.0000e-01 6.0000e-01 
Q 1  3.5000e-01 5.5000e-01 3.0000e-01 3.0000e-01 5.5000e-01 3.0000e-01 3.0000e-01 5.5000e-01 3.5000e-01 3.5000e-01 5.5000e-01 3.5000e-01 
Q 1  3.5000e-01 5.5000e-01 6.5000e-01 3.0000e-01 5.5000e-01 6.5000e-01 3.0000e-01 5.5000e-01 7.0000e-01 3.5000e-01 5.5000e-01 7.0000e-01 
Q 1  3.5000e-01 6.5000e-01 3.5000e-01 3.0000e-01 6.5000e-01 3.5000e-01 3.0000e-01 6.5000e-01 4.0000e-01 3.5000e-01 6.5000e-01 4.0000e-01 
Q 1  3.5000e-01 6.5000e-01 4.0000e-01 3.0000e-01 6.5000e-01 4.0000e-01 3.0000e-01 6.5000e-01 4.5000e-01 3.5000e-01 6.5000e-01 4.5000e-01 
Q 1  3.5000e-01 6.5000e-01 5.5000e-01 3.0000e-01 6.5000e-01 5.5000e-01 3.0000e-01 6.5000e-01 6.0000e-01 3.5000e-01 6.5000e-01 6.0000e-01 
Q 1  3.5000e-01 6.5000e-01 6.0000e-01 3.0000e-01 6.5000e-01 6.0000e-01 3.0000e-01 6.5000e-01 6.5000e-01 3.5000e-01 6.5000e-01 6.5000e-01 
Q 1  3.5000e-01 7.0000e-01 4.5000e-01 3.0000e-01 7.0000e-01 4.5000e-01 3.0000e-01 7.0000e-01 5.0000e-01 3.5000e-01 7.0000e-01 5.0000e-01 
Q 1  3.5000e-01 7.0000e-01 5.0000e-01 3.0000e-01 7.0000e-01 5.0000e-01 3.0000e-01 7.0000e-01 5.5000e-01 3.5000e-01 7.0000e-01 5.5000e-01 
Q 1  4.0000e-01 6.5000e-01 3.0000e-01 3.5000e-01 6.5000e-01 3.0000e-01 3.5000e-01 6.5000e-01 3.5000e-01 4.0000e-01 6.5000e-01 3.5000e-01 
Q 1  4.0000e-01 6.5000e-01 6.5000e-01 3.5000e-01 6.5000e-01 6.5000e-01 3.5000e-01 6.5000e-01 7.0000e-01 4.0000e-01 6.5000e-01 7.0000e-01 
Q 1  4.0000e-01 7.0000e-01 3.5000e-01 3.5000e-01 7.0000e-01 3.5000e-01 3.5000e-01 7.0000e-01 4.0000e-01 4.0000e-01 7.0000e-01 4.0000e-01 
Q 1  4.0000e-01 7.0000e-01 4.0000e-01 3.5000e-01 7.0000e-01 4.0000e-01 3.5000e-01 7.0000e-01 4.5000e-01 4.0000e-01 7.0000e-01 4.5000e-01 
Q 1  4.0000e-01 7.0000e-01 4.5000e-01 3.5000e-01 7.0000e-01 4.5000e-01 3.5000e-01 7.0000e-01 5.0000e-01 4.0000e-01 7.0000e-01 5.0000e-01 
Q 1  4.0000e-01 7.0000e-01 5.0000e-01 3.5000e-01 7.0000e-01 5.0000e-01 3.5000e-01 7.0000e-01 5.5000e-01 4.0000e-01 7.0000e-01 5.5000e-01 
Q 1  4.0000e-01 7.0000e-01 5.5000e-01 3.5000e-01 7.0000e-01 5.5000e-01 3.5000e-01 7.0000e-01 6.0000e-01 4.0000e-01 7.0000e-01 6.0000e-01 
Q 1  4.0000e-01 7.0000e-01 6.0000e-01 3.5000e-01 7.0000e-01 6.0000e-01 3.5000e-01 7.0000e-01 6.5000e-01 4.0000e-01 7.0000e-01 6.5000e-01 
Q 1  4.5000e-01 6.0000e-01 2.5000e-01 4.0000e-01 6.0000e-01 2.5000e-01 4.0000e-01 6.0000e-01 3.0000e-01 4.5000e-01 6.0000e-01 3.0000e-01 
Q 1  4.5000e-01 6.0000e-01 7.0000e-01 4.0000e-01 6.0000e-01 7.0000e-01 4.0000e-01 6.0000e-01 7.5000e-01 4.5000e-01 6.0000e-01 7.5000e-01 
Q 1  4.5000e-01 6.5000e-01 3.0000e-01 4.0000e-01 6.5000e-01 3.0000e-01 4.0000e-01 6.5000e-01 3.5000e-01 4.5000e-01 6.5000e-01 3.5000e-01 
Q 1  4.5000e-01 6.5000e-01 6.5000e-01 4.0000e-01 6.5000e-01 6.5000e-01 4.0000e-01 6.5000e-01 7.0000e-01 4.5000e-01 6.5000e-01 7.0000e-01 
Q 1  4.5000e-01 7.0000e-01 3.5000e-01 4.0000e-01 7.0000e-01 3.5000e-01 4.0000e-01 7.0000e-01 4.0000e-01 4.5000e-01 7.0000e-01 4.0000e-01 
Q 1  4.5000e-01 7.0000e-01 6.0000e-01 4.0000e-01 7.0000e-01 6.0000e-01 4.0000e-01 7.0000e-01 6.5000e-01 4.5000e-01 7.0000e-01 6.5000e-01 
Q 1  4.5000e-01 7.5000e-01 4.0000e-01 4.0000e-01 7.5000e-01 4.0000e-01 4.0000e-01 7.5000e-01 4.5000e-01 4.5000e-01 7.5000e-01 4.5000e-01 
Q 1  4.5000e-01 7.5000e-01 4.5000e-01 4.0000e-01 7.5000e-01 4.5000e-01 4.0000e-01 7.5000e-01 5.0000e-01 4.5000e-01 7.5000e-01 5.0000e-01 
Q 1  4.5000e-01 7.5000e-01 5.0000e-01 4.0000e-01 7.5000e-01 5.0000e-01 4.0000e-01 7.5000e-01 5.5000e-01 4.5000e-01 7.5000e-01 5.5000e-01 
Q 1  4.5000e-01 7.5000e-01 5.5000e-01 4.0000e-01 7.5000e-01 5.5000e-01 4.0000e-01 7.5000e-01 6.0000e-01 4.5000e-01 7.5000e-01 6.0000e-01 
Q 1  5.0000e-01 6.0000e-01 2.5000e-01 4.5000e-01 6.0000e-01 2.5000e-01 4.5000e-01 6.0000e-01 3.0000e-01 5.0000e-01 6.0000e-01 3.0000e-01 
Q 1  5.0000e-01 6.0000e-01 7.0000e-01 4.5000e-01 6.0000e-01 7.0000e-01 4.5000e-01 6.0000e-01 7.5000e-01 5.0000e-01 6.0000e-01 7.5000e-01 
Q 1  5.0000e-01 7.0000e-01 3.0000e-01 4.5000e-01 7.0000e-01 3.0000e-01 4.5000e-01 7.0000e-01 3.5000e-01 5.0000e-01 7.0000e-01 3.5000e-01 
Q 1  5.0000e-01 7.0000e-01 3.5000e-01 4.5000e-01 7.0000e-01 3.5000e-01 4.5000e-01 7.0000e-01 4.0000e-01 5.0000e-01 7.0000e-01 4.0000e-01 
Q 1  5.0000e-01 7.0000e-01 6.0000e-01 4.5000e-01 7.0000e-01 6.0000e-01 4.5000e-01 7.0000e-01 6.5000e-01 5.0000e-01 7.0000e-01 6.5000e-01 
Q 1  5.0000e-01 7.0000e-01 6.5000e-01 4.5000e-01 7.0000e-01 6.5000e-01 4.5000e-01 7.0000e-01 7.0000e-01 5.0000e-01 7.0000e-01 7.0000e-01 
Q 1  5.0000e-01 7.5000e-01 4.0000e-01 4.5000e-01 7.5000e-01 4.0000e-01 4.5000e-01 7.5000e-01 4.5000e-01 5.0000e-01 7.5000e-01 4.5000e-01 
Q 1  5.0000e-01 7.5000e-01 4.5000e-01 4.5000e-01 7.5000e-01 4.5000e-01 4.5000e-01 7.5000e-01 5.0000e-01 5.0000e-01 7.5000e-01 5.0000e-01 
Q 1  5.0000e-01 7.5000e-01 5.0000e-01 4.5000e-01 7.5000e-01 5.0000e-01 4.5000e-01 7.5000e-01 5.5000e-01 5.0000e-01 7.5000e-01 5.5000e-01 
Q 1  5.0000e-01 7.5000e-01 5.5000e-01 4.5000e-01 7.5000e-01 5.5000e-01 4.5000e-01 7.5000e-01 6.0000e-01 5.0000e-01 7.5000e-01 6.0000e-01 
Q 1  5.5000e-01 6.0000e-01 2.5000e-01 5.0000e-01 6.0000e-01 2.5000e-01 5.0000e-01 6.0000e-01 3.0000e-01 5.5000e-01 6.0000e-01 3.0000e-01 
Q 1  5.5000e-01 6.0000e-01 7.0000e-01 5.0000e-01 6.0000e-01 7.0000e-01 5.0000e-01 6.0000e-01 7.5000e-01 5.5000e-01 6.0000e-01 7.5000e-01 
Q 1  5.5000e-01 7.0000e-01 3.0000e-01 5.0000e-01 7.0000e-01 3.0000e-01 5.0000e-01 7.0000e-01 3.5000e-01 5.5000e-01 7.0000e-01 3.5000e-01 
Q 1  5.5000e-01 7.0000e-01 3.5000e-01 5.0000e-01 7.0000e-01 3.5000e-01 5.0000e-01 7.0000e-01 4.0000e-01 5.5000e-01 7.0000e-01 4.0000e-01 
Q 1  5.5000e-01 7.0000e-01 6.0000e-01 5.0000e-01 7.0000e-01 6.0000e-01 5.0000e-01 7.0000e-01 6.5000e-01 5.5000e-01 7.0000e-01 6.5000e-01 
Q 1  5.5000e-01 7.0000e-01 6.5000e-01 5.0000e-01 7.0000e-01 6.5000e-01 5.0000e-01 7.0000e-01 7.0000e-01 5.5000e-01 7.0000e-01 7.0000e-01 
Q 1  5.5000e-01 7.5000e-01 4.0000e-01 5.0000e-01 7.5000e-01 4.0000e-01 5.0000e-01 7.5000e-01 4.5000e-01 5.5000e-01 7.5000e-01 4.5000e-01 
Q 1  5.5000e-01 7.5000e-01 4.5000e-01 5.0000e-01 7.5000e-01 4.5000e-01 5.0000e-01 7.5000e-01 5.0000e-01 5.5000e-01 7.5000e-01 5.0000e-01 
Q 1  5.5000e-01 7.5000e-01 5.0000e-01 5.0000e-01 7.5000e-01 5.0000e-01 5.0000e-01 7.5000e-01 5.5000e-01 5.5000e-01 7.5000e-01 5.5000e-01 
Q 1  5.5000e-01 7.5000e-01 5.5000e-01 5.0000e-01 7.5000e-01 5.5000e-01 5.0000e-01 7.5000e-01 6.0000e-01 5.5000e-01 7.5000e-01 6.0000e-01 
Q 1  6.0000e-01 6.0000e-01 2.5000e-01 5.5000e-01 6.0000e-01 2.5000e-01 5.5000e-01 6.0000e-01 3.0000e-01 6.0000e-01 6.0000e-01 3.0000e-01 
Q 1  6.0000e-01 6.0000e-01 7.0000e-01 5.5000e-01 6.0000e-01 7.0000e-01 5.5000e-01 6.0000e-01 7.5000e-01 6.0000e-01 6.0000e-01 7.5000e-01 
Q 1  6.0000e-01 6.5000e-01 3.0000e-01 5.5000e-01 6.5000e-01 3.0000e-01 5.5000e-01 6.5000e-01 3.5000e-01 6.0000e-01 6.5000e-01 3.5000e-01 
Q 1  6.0000e-01 6.5000e-01 6.5000e-01 5.5000e-01 6.5000e-01 6.5000e-01 5.5000e-01 6.5000e-01 7.0000e-01 6.0000e-01 6.5000e-01 7.0000e-01 
Q 1  6.0000e-01 7.0000e-01 3.5000e-01 5.5000e-01 7.0000e-01 3.5000e-01 5.5000e-01 7.0000e-01 4.0000e-01 6.0000e-01 7.0000e-01 4.0000e-01 
Q 1  6.0000e-01 7.0000e-01 6.0000e-01 5.5000e-01 7.0000e-01 6.0000e-01 5.5000e-01 7.0000e-01 6.5000e-01 6.0000e-01 7.0000e-01 6.5000e-01 
Q 1  6.0000e-01 7.5000e-01 4.0000e-01 5.5000e-01 7.5000e-01 4.0000e-01 5.5000e-01 7.5000e-01 4.5000e-01 6.0000e-01 7.5000e-01 4.5000e-01 
Q 1  6.0000e-01 7.5000e-01 4.5000e-01 5.5000e-01 7.5000e-01 4.5000e-01 5.5000e-01 7.5000e-01 5.0000e-01 6.0000e-01 7.5000e-01 5.0000e-01 
Q 1  6.0000e-01 7.5000e-01 5.0000e-01 5.5000e-01 7.5000e-01 5.0000e-01 5.5000e-01 7.5000e-01 5.5000e-01 6.0000e-01 7.5000e-01 5.5000e-01 
Q 1  6.0000e-01 7.5000e-01 5.5000e-01 5.5000e-01 7.5000e-01 5.5000e-01 5.5000e-01 7.5000e-01 6.0000e-01 6.0000e-01 7.5000e-01 6.0000e-01 
Q 1  6.5000e-01 6.5000e-01 3.0000e-01 6.0000e-01 6.5000e-01 3.0000e-01 6.0000e-01 6.5000e-01 3.5000e-01 6.5000e-01 6.5000e-01 3.5000e-01 
Q 1  6.5000e-01 6.5000e-01 6.5000e-01 6.0000e-01 6.5000e-01 6.5000e-01 6.0000e-01 6.5000e-01 7.0000e-01 6.5000e-01 6.5000e-01 7.0000e-01 
Q 1  6.5000e-01 7.0000e-01 3.5000e-01 6.0000e-01 7.0000e-01 3.5000e-01 6.0000e-01 7.0000e-01 4.0000e-01 6.5000e-01 7.0000e-01 4.0000e-01 
Q 1  6.5000e-01 7.0000e-01 4.0000e-01 6.0000e-01 7.0000e-01 4.0000e-01 6.0000e-01 7.0000e-01 4.5000e-01 6.5000e-01 7.0000e-01 4.5000e-01 
Q 1  6.5000e-01 7.0000e-01 4.5000e-01 6.0000e-01 7.0000e-01 4.5000e-01 6.0000e-01 7.0000e-01 5.0000e-01 6.5000e-01 7.0000e-01 5.0000e-01 
Q 1  6.5000e-01 7.0000e-01 5.0000e-01 6.0000e-01 7.0000e-01 5.0000e-01 6.0000e-01 7.0000e-01 5.5000e-01 6.5000e-01 7.0000e-01 5.5000e-01 
Q 1  6.5000e-01 7.0000e-01 5.5000e-01 6.0000e-01 7.0000e-01 5.5000e-01 6.0000e-01 7.0000e-01 6.0000e-01 6.5000e-01 7.0000e-01 6.0000e-01 
Q 1  6.5000e-01 7.0000e-01 6.0000e-01 6.0000e-01 7.0000e-01 6.0000e-01 6.0000e-01 7.0000e-01 6.5000e-01 6.5000e-01 7.0000e-01 6.5000e-01 
Q 1  7.0000e-01 5.5000e-01 3.0000e-01 6.5000e-01 5.5000e-01 3.0000e-01 6.5000e-01 5.5000e-01 3.5000e-01 7.0000e-01 5.5000e-01 3.5000e-01 
Q 1  7.0000e-01 5.5000e-01 6.5000e-01 6.5000e-01 5.5000e-01 6.5000e-01 6.5000e-01 5.5000e-01 7.0000e-01 7.0000e-01 5.5000e-01 7.0000e-01 
Q 1  7.0000e-01 6.5000e-01 3.5000e-01 6.5000e-01 6.5000e-01 3.5000e-01 6.5000e-01 6.5000e-01 4.0000e-01 7.0000e-01 6.5000e-01 4.0000e-01 
Q 1  7.0000e-01 6.5000e-01 4.0000e-01 6.5000e-01 6.5000e-01 4.0000e-01 6.5000e-01 6.5000e-01 4.5000e-01 7.0000e-01 6.5000e-01 4.5000e-01 
Q 1  7.0000e-01 6.5000e-01 5.5000e-01 6.5000e-01 6.5000e-01 5.5000e-01 6.5000e-01 6.5000e-01 6.0000e-01 7.0000e-01 6.5000e-01 6.0000e-01 
Q 1  7.0000e-01 6.5000e-01 6.0000e-01 6.5000e-01 6.5000e-01 6.0000e-01 6.5000e-01 6.5000e-01 6.5000e-01 7.0000e-01 6.5000e-01 6.5000e-01 
Q 1  7.0000e-01 7.0000e-01 4.5000e-01 6.5000e-01 7.0000e-01 4.5000e-01 6.5000e-01 7.0000e-01 5.0000e-01 7.0000e-01 7.0000e-01 5.0000e-01 
Q 1  7.0000e-01 7.0000e-01 5.0000e-01 6.5000e-01 7.0000e-01 5.0000e-01 6.5000e-01 7.0000e-01 5.5000e-01 7.0000e-01 7.0000e-01 5.5000e-01 
Q 1  7.5000e-01 6.0000e-01 4.0000e-01 7.0000e-01 6.0000e-01 4.0000e-01 7.0000e-01 6.0000e-01 4.5000e-01 7.5000e-01 6.0000e-01 4.5000e-01 
Q 1  7.5000e-01 6.0000e-01 4.5000e-01 7.0000e-01 6.0000e-01 4.5000e-01 7.0000e-01 6.0000e-01 5.0000e-01 7.5000e-01 6.0000e-01 5.0000e-01 
Q 1  7.5000e-01 6.0000e-01 5.0000e-01 7.0000e-01 6.0000e-01 5.0000e-01 7.0000e-01 6.0000e-01 5.5000e-01 7.5000e-01 6.0000e-01 5.5000e-01 
Q 1  7.5000e-01 6.0000e-01 5.5000e-01 7.0000e-01 6.0000e-01 5.5000e-01 7.0000e-01 6.0000e-01 6.0000e-01 7.5000e-01 6.0000e-01 6.0000e-01 
Q 1  3.0000e-01 4.0000e-01 4.0000e-01 2.5000e-01 4.0000e-01 4.0000e-01 2.5000e-01 4.0000e-01 4.5000e-01 3.0000e-01 4.0000e-01 4.5000e-01 
Q 1  3.0000e-01 4.0000e-01 4.5000e-01 2.5000e-01 4.0000e-01 4.5000e-01 2.5000e-01 4.0000e-01 5.0000e-01 3.0000e-01 4.0000e-01 5.0000e-01 
Q 1  3.0000e-01 4.0000e-01 5.0000e-01 2.5000e-01 4.0000e-01 5.0000e-01 2.5000e-01 4.0000e-01 5.5000e-01 3.0000e-01 4.0000e-01 5.5000e-01 
Q 1  3.0000e-01 4.0000e-01 5.5000e-01 2.5000e-01 4.0000e-01 5.5000e-01 2.5000e-01 4.0000e-01 6.0000e-01 3.0000e-01 4.0000e-01 6.0000e-01 
Q 1  3.5000e-01 3.0000e-01 4.5000e-01 3.0000e-01 3.0000e-01 4.5000e-01 3.0000e-01 3.0000e-01 5.0000e-01 3.5000e-01 3.0000e-01 5.0000e-01 
Q 1  3.5000e-01 3.0000e-01 5.0000e-01 3.0000e-01 3.0000e-01 5.0000e-01 3.0000e-01 3.0000e-01 5.5000e-01 3.5000e-01 3.0000e-01 5.5000e-01 
Q 1  3.5000e-01 3.5000e-01 3.5000e-01 3.0000e-01 3.5000e-01 3.5000e-01 3.0000e-01 3.5000e-01 4.0000e-01 3.5000e-01 3.5000e-01 4.0000e-01 
Q 1  3.5000e-01 3.5000e-01 4.0000e-01 3.0000e-01 3.5000e-01 4.0000e-01 3.0000e-01 3.5000e-01 4.5000e-01 3.5000e-01 3.5000e-01 4.5000e-01 
Q 1  3.5000e-01 3.5000e-01 5.5000e-01 3.0000e-01 3.5000e-01 5.5000e-01 3.0000e-01 3.5000e-01 6.0000e-01 3.5000e-01 3.5000e-01 6.0000e-01 
Q 1  3.5000e-01 3.5000e-01 6.0000e-01 3.0000e-01 3.5000e-01 6.0000e-01 3.0000e-01 3.5000e-01 6.5000e-01 3.5000e-01 3.5000e-01 6.5000e-01 
Q 1  3.5000e-01 4.5000e-01 3.0000e-01 3.0000e-01 4.5000e-01 3.0000e-01 3.0000e-01 4.5000e-01 3.5000e-01 3.5000e-01 4.5000e-01 3.5000e-01 
Q 1  3.5000e-01 4.5000e-01 6.5000e-01 3.0000e-01 4.5000e-01 6.5000e-01 3.0000e-01 4.5000e-01 7.0000e-01 3.5000e-01 4.5000e-01 7.0000e-01 
Q 1  4.0000e-01 3.0000e-01 3.5000e-01 3.5000e-01 3.0000e-01 3.5000e-01 3.5000e-01 3.0000e-01 4.0000e-01 4.0000e-01 3.0000e-01 4.0000e-01 
Q 1  4.0000e-01 3.0000e-01 4.0000e-01 3.5000e-01 3.0000e-01 4.0000e-01 3.5000e-01 3.0000e-01 4.5000e-01 4.0000e-01 3.0000e-01 4.5000e-01 
Q 1  4.0000e-01 3.0000e-01 4.5000e-01 3.5000e-01 3.0000e-01 4.5000e-01 3.5000e-01 3.0000e-01 5.0000e-01 4.0000e-01 3.0000e-01 5.0000e-01 
Q 1  4.0000e-01 3.0000e-01 5.0000e-01 3.5000e-01 3.0000e-01 5.0000e-01 3.5000e-01 3.0000e-01 5.5000e-01 4.0000e-01 3.0000e-01 5.5000e-01 
Q 1  4.0000e-01 3.0000e-01 5.5000e-01 3.5000e-01 3.0000e-01 5.5000e-01 3.5000e-01 3.0000e-01 6.0000e-01 4.0000e-01 3.0000e-01 6.0000e-01 
Q 1  4.0000e-01 3.0000e-01 6.0000e-01 3.5000e-01 3.0000e-01 6.0000e-01 3.5000e-01 3.0000e-01 6.5000e-01 4.0000e-01 3.0000e-01 6.5000e-01 
Q 1  4.0000e-01 3.5000e-01 3.0000e-01 3.5000e-01 3.5000e-01 3.0000e-01 3.5000e-01 3.5000e-01 3.5000e-01 4.0000e-01 3.5000e-01 3.5000e-01 
Q 1  4.0000e-01 3.5000e-01 6.5000e-01 3.5000e-01 3.5000e-01 6.5000e-01 3.5000e-01 3.5000e-01 7.0000e-01 4.0000e-01 3.5000e-01 7.0000e-01 
Q 1  4.5000e-01 2.5000e-01 4.0000e-01 4.0000e-01 2.5000e-01 4.0000e-01 4.0000e-01 2.5000e-01 4.5000e-01 4.5000e-01 2.5000e-01 4.5000e-01 
Q 1  4.5000e-01 2.5000e-01 4.5000e-01 4.0000e-01 2.5000e-01 4.5000e-01 4.0000e-01 2.5000e-01 5.0000e-01 4.5000e-01 2.5000e-01 5.0000e-01 
Q 1  4.5000e-01 2.5000e-01 5.0000e-01 4.0000e-01 2.5000e-01 5.0000e-01 4.0000e-01 2.5000e-01 5.5000e-01 4.5000e-01 2.5000e-01 5.5000e-01 
Q 1  4.5000e-01 2.5000e-01 5.5000e-01 4.0000e-01 2.5000e-01 5.5000e-01 4.0000e-01 2.5000e-01 6.0000e-01 4.5000e-01 2.5000e-01 6.0000e-01 
Q 1  4.5000e-01 3.0000e-01 3.5000e-01 4.0000e-01 3.0000e-01 3.5000e-01 4.0000e-01 3.0000e-01 4.0000e-01 4.5000e-01 3.0000e-01 4.0000e-01 
Q 1  4.5000e-01 3.0000e-01 6.0000e-01 4.0000e-01 3.0000e-01 6.0000e-01 4.0000e-01 3.0000e-01 6.5000e-01 4.5000e-01 3.0000e-01 6.5000e-01 
Q 1  4.5000e-01 3.5000e-01 3.0000e-01 4.0000e-01 3.5000e-01 3.0000e-01 4.0000e-01 3.5000e-01 3.5000e-01 4.5000e-01 3.5000e-01 3.5000e-01 
Q 1  4.5000e-01 3.5000e-01 6.5000e-01 4.0000e-01 3.5000e-01 6.5000e-01 4.0000e-01 3.5000e-01 7.0000e-01 4.5000e-01 3.5000e-01 7.0000e-01 
Q 1  4.5000e-01 4.0000e-01 2.5000e-01 4.0000e-01 4.0000e-01 2.5000e-01 4.0000e-01 4.0000e-01 3.0000e-01 4.5000e-01 4.0000e-01 3.0000e-01 
Q 1  4.5000e-01 4.0000e-01 7.0000e-01 4.0000e-01 4.0000e-01 7.0000e-01 4.0000e-01 4.0000e-01 7.5000e-01 4.5000e-01 4.0000e-01 7.5000e-01 
Q 1  5.0000e-01 2.5000e-01 4.0000e-01 4.5000e-01 2.5000e-01 4.0000e-01 4.5000e-01 2.5000e-01 4.5000e-01 5.0000e-01 2.5000e-01 4.5000e-01 
Q 1  5.0000e-01 2.5000e-01 4.5000e-01 4.5000e-01 2.5000e-01 4.5000e-01 4.5000e-01 2.5000e-01 5.0000e-01 5.0000e-01 2.5000e-01 5.0000e-01 
Q 1  5.0000e-01 2.5000e-01 5.0000e-01 4.5000e-01 2.5000e-01 5.0000e-01 4.5000e-01 2.5000e-01 5.5000e-01 5.0000e-01 2.5000e-01 5.5000e-01 
Q 1  5.0000e-01 2.5000e-01 5.5000e-01 4.5000e-01 2.5000e-01 5.5000e-01 4.5000e-01 2.5000e-01 6.0000e-01 5.0000e-01 2.5000e-01 6.0000e-01 
Q 1  5.0000e-01 3.0000e-01 3.0000e-01 4.5000e-01 3.0000e-01 3.0000e-01 4.5000e-01 3.0000e-01 3.5000e-01 5.0000e-01 3.0000e-01 3.5000e-01 
Q 1  5.0000e-01 3.0000e-01 3.5000e-01 4.5000e-01 3.0000e-01 3.5000e-01 4.5000e-01 3.0000e-01 4.0000e-01 5.0000e-01 3.0000e-01 4.0000e-01 
Q 1  5.0000e-01 3.0000e-01 6.0000e-01 4.5000e-01 3.0000e-01 6.0000e-01 4.5000e-01 3.0000e-01 6.5000e-01 5.0000e-01 3.0000e-01 6.5000e-01 
Q 1  5.0000e-01 3.0000e-01 6.5000e-01 4.5000e-01 3.0000e-01 6.5000e-01 4.5000e-01 3.0000e-01 7.0000e-01 5.0000e-01 3.0000e-01 7.0000e-01 
Q 1  5.0000e-01 4.0000e-01 2.5000e-01 4.5000e-01 4.0000e-01 2.5000e-01 4.5000e-01 4.0000e-01 3.0000e-01 5.0000e-01 4.0000e-01 3.0000e-01 
Q 1  5.0000e-01 4.0000e-01 7.0000e-01 4.5000e-01 4.0000e-01 7.0000e-01 4.5000e-01 4.0000e-01 7.5000e-01 5.0000e-01 4.0000e-01 7.5000e-01 
Q 1  5.5000e-01 2.5000e-01 4.0000e-01 5.0000e-01 2.5000e-01 4.0000e-01 5.0000e-01 2.5000e-01 4.5000e-01 5.5000e-01 2.5000e-01 4.5000e-01 
Q 1  5.5000e-01 2.5000e-01 4.5000e-01 5.0000e-01 2.5000e-01 4.5000e-01 5.0000e-01 2.5000e-01 5.0000e-01 5.5000e-01 2.5000e-01 5.0000e-01 
Q 1  5.5000e-01 2.5000e-01 5.0000e-01 5.0000e-01 2.5000e-01 5.0000e-01 5.0000e-01 2.5000e-01 5.5000e-01 5.5000e-01 2.5000e-01 5.5000e-01 
Q 1  5.5000e-01 2.5000e-01 5.5000e-01 5.0000e-01 2.5000e-01 5.5000e-01 5.0000e-01 2.5000e-01 6.0000e-01 5.5000e-01 2.5000e-01 6.0000e-01 
Q 1  5.5000e-01 3.0000e-01 3.0000e-01 5.0000e-01 3.0000e-01 3.0000e-01 5.0000e-01 3.0000e-01 3.5000e-01 5.5000e-01 3.0000e-01 3.5000e-01 
Q 1  5.5000e-01 3.0000e-01 3.5000e-01 5.0000e-01 3.0000e-01 3.5000e-01 5.0000e-01 3.0000e-01 4.0000e-01 5.5000e-01 3.0000e-01 4.0000e-01 
Q 1  5.5000e-01 3.0000e-01 6.0000e-01 5.0000e-01 3.0000e-01 6.0000e-01 5.0000e-01 3.0000e-01 6.5000e-01 5.5000e-01 3.0000e-01 6.5000e-01 
Q 1  5.5000e-01 3.0000e-01 6.5000e-01 5.0000e-01 3.0000e-01 6.5000e-01 5.0000e-01 3.0000e-01 7.0000e-01 5.5000e-01 3.0000e-01 7.0000e-01 
Q 1  5.5000e-01 4.0000e-01 2.5000e-01 5.0000e-01 4.0000e-01 2.5000e-01 5.0000e-01 4.0000e-01 3.0000e-01 5.5000e-01 4.0000e-01 3.0000e-01 
Q 1  5.5000e-01 4.0000e-01 7.0000e-01 5.0000e-01 4.0000e-01 7.0000e-01 5.0000e-01 4.0000e-01 7.5000e-01 5.5000e-01 4.0000e-01 7.5000e-01 
Q 1  6.0000e-01 2.5000e-01 4.0000e-01 5.5000e-01 2.5000e-01 4.0000e-01 5.5000e-01 2.5000e-01 4.5000e-01 6.0000e-01 2.5000e-01 4.5000e-01 
Q 1  6.0000e-01 2.5000e-01 4.5000e-01 5.5000e-01 2.5000e-01 4.5000e-01 5.5000e-01 2.5000e-01 5.0000e-01 6.0000e-01 2.5000e-01 5.0000e-01 
Q 1  6.0000e-01 2.5000e-01 5.0000e-01 5.5000e-01 2.5000e-01 5.0000e-01 5.5000e-01 2.5000e-01 5.5000e-01 6.0000e-01 2.5000e-01 5.5000e-01 
Q 1  6.0000e-01 2.5000e-01 5.5000e-01 5.5000e-01 2.5000e-01 5.5000e-01 5.5000e-01 2.5000e-01 6.0000e-01 6.0000e-01 2.5000e-01 6.0000e-01 
Q 1  6.0000e-01 3.0000e-01 3.5000e-01 5.5000e-01 3.0000e-01 3.5000e-01 5.5000e-01 3.0000e-01 4.0000e-01 6.0000e-01 3.0000e-01 4.0000e-01 
Q 1  6.0000e-01 3.0000e-01 6.0000e-01 5.5000e-01 3.0000e-01 6.0000e-01 5.5000e-01 3.0000e-01 6.5000e-01 6.0000e-01 3.0000e-01 6.5000e-01 
Q 1  6.0000e-01 3.5000e-01 3.0000e-01 5.5000e-01 3.5000e-01 3.0000e-01 5.5000e-01 3.5000e-01 3.5000e-01 6.0000e-01 3.5000e-01 3.5000e-01 
Q 1  6.0000e-01 3.5000e-01 6.5000e-01 5.5000e-01 3.5000e-01 6.5000e-01 5.5000e-01 3.5000e-01 7.0000e-01 6.0000e-01 3.5000e-01 7.0000e-01 
Q 1  6.0000e-01 4.0000e-01 2.5000e-01 5.5000e-01 4.0000e-01 2.5000e-01 5.5000e-01 4.0000e-01 3.0000e-01 6.0000e-01 4.0000e-01 3.0000e-01 
Q 1  6.0000e-01 4.0000e-01 7.0000e-01 5.5000e-01 4.0000e-01 7.0000e-01 5.5000e-01 4.0000e-01 7.5000e-01 6.0000e-01 4.0000e-01 7.5000e-01 
Q 1  6.5000e-01 3.0000e-01 3.5000e-01 6.0000e-01 3.0000e-01 3.5000e-01 6.0000e-01 3.0000e-01 4.0000e-01 6.5000e-01 3.0000e-01 4.0000e-01 
Q 1  6.5000e-01 3.0000e-01 4.0000e-01 6.0000e-01 3.0000e-01 4.0000e-01 6.0000e-01 3.0000e-01 4.5000e-01 6.5000e-01 3.0000e-01 4.5000e-01 
Q 1  6.5000e-01 3.0000e-01 4.5000e-01 6.0000e-01 3.0000e-01 4.5000e-01 6.0000e-01 3.0000e-01 5.0000e-01 6.5000e-01 3.0000e-01 5.0000e-01 
Q 1  6.5000e-01 3.0000e-01 5.0000e-01 6.0000e-01 3.0000e-01 5.0000e-01 6.0000e-01 3.0000e-01 5.5000e-01 6.5000e-01 3.0000e-01 5.5000e-01 
Q 1  6.5000e-01 3.0000e-01 5.5000e-01 6.0000e-01 3.0000e-01 5.5000e-01 6.0000e-01 3.0000e-01 6.0000e-01 6.5000e-01 3.0000e-01 6.0000e-01 
Q 1  6.5000e-01 3.0000e-01 6.0000e-01 6.0000e-01 3.0000e-01 6.0000e-01 6.0000e-01 3.0000e-01 6.5000e-01 6.5000e-01 3.0000e-01 6.5000e-01 
Q 1  6.5000e-01 3.5000e-01 3.0000e-01 6.0000e-01 3.5000e-01 3.0000e-01 6.0000e-01 3.5000e-01 3.5000e-01 6.5000e-01 3.5000e-01 3.5000e-01 
Q 1  6.5000e-01 3.5000e-01 6.5000e-01 6.0000e-01 3.5000e-01 6.5000e-01 6.0000e-01 3.5000e-01 7.0000e-01 6.5000e-01 3.5000e-01 7.0000e-01 
Q 1  7.0000e-01 3.0000e-01 4.5000e-01 6.5000e-01 3.0000e-01 4.5000e-01 6.5000e-01 3.0000e-01 5.0000e-01 7.0000e-01 3.0000e-01 5.0000e-01 
Q 1  7.0000e-01 3.0000e-01 5.0000e-01 6.5000e-01 3.0000e-01 5.0000e-01 6.5000e-01 3.0000e-01 5.5000e-01 7.0000e-01 3.0000e-01 5.5000e-01 
Q 1  7.0000e-01 3.5000e-01 3.5000e-01 6.5000e-01 3.5000e-01 3.5000e-01 6.5000e-01 3.5000e-01 4.0000e-01 7.0000e-01 3.5000e-01 4.0000e-01 
Q 1  7.0000e-01 3.5000e-01 4.0000e-01 6.5000e-01 3.5000e-01 4.0000e-01 6.5000e-01 3.5000e-01 4.5000e-01 7.0000e-01 3.5000e-01 4.5000e-01 
Q 1  7.0000e-01 3.5000e-01 5.5000e-01 6.5000e-01 3.5000e-01 5.5000e-01 6.5000e-01 3.5000e-01 6.0000e-01 7.0000e-01 3.5000e-01 6.0000e-01 
Q 1  7.0000e-01 3.5000e-01 6.0000e-01 6.5000e-01 3.5000e-01 6.0000e-01 6.5000e-01 3.5000e-01 6.5000e-01 7.0000e-01 3.5000e-01 6.5000e-01 
Q 1  7.0000e-01 4.5000e-01 3.0000e-01 6.5000e-01 4.5000e-01 3.0000e-01 6.5000e-01 4.5000e-01 3.5000e-01 7.0000e-01 4.5000e-01 3.5000e-01 
Q 1  7.0000e-01 4.5000e-01 6.5000e-01 6.5000e-01 4.5000e-01 6.5000e-01 6.5000e-01 4.5000e-01 7.0000e-01 7.0000e-01 4.5000e-01 7.0000e-01 
Q 1  7.5000e-01 4.0000e-01 4.0000e-01 7.0000e-01 4.0000e-01 4.0000e-01 7.0000e-01 4.0000e-01 4.5000e-01 7.5000e-01 4.0000e-01 4.5000e-01 
Q 1  7.5000e-01 4.0000e-01 4.5000e-01 7.0000e-01 4.0000e-01 4.5000e-01 7.0000e-01 4.0000e-01 5.0000e-01 7.5000e-01 4.0000e-01 5.0000e-01 
Q 1  7.5000e-01 4.0000e-01 5.0000e-01 7.0000e-01 4.0000e-01 5.0000e-01 7.0000e-01 4.0000e-01 5.5000e-01 7.5000e-01 4.0000e-01 5.5000e-01 
Q 1  7.5000e-01 4.0000e-01 5.5000e-01 7.0000e-01 4.0000e-01 5.5000e-01 7.0000e-01 4.0000e-01 6.0000e-01 7.5000e-01 4.0000e-01 6.0000e-01 
Q 1  3.0000e-01 4.0000e-01 6.0000e-01 3.0000e-01 4.5000e-01 6.0000e-01 2.5000e-01 4.5000e-01 6.0000e-01 2.5000e-01 4.0000e-01 6.0000e-01 
Q 1  3.0000e-01 4.5000e-01 6.0000e-01 3.0000e-01 5.0000e-01 6.0000e-01 2.5000e-01 5.0000e-01 6.0000e-01 2.5000e-01 4.5000e-01 6.0000e-01 
Q 1  3.0000e-01 5.0000e-01 6.0000e-01 3.0000e-01 5.5000e-01 6.0000e-01 2.5000e-01 5.5000e-01 6.0000e-01 2.5000e-01 5.0000e-01 6.0000e-01 
Q 1  3.0000e-01 5.5000e-01 6.0000e-01 3.0000e-01 6.0000e-01 6.0000e-01 2.5000e-01 6.0000e-01 6.0000e-01 2.5000e-01 5.5000e-01 6.0000e-01 
Q 1  3.5000e-01 3.0000e-01 5.5000e-01 3.5000e-01 3.5000e-01 5.5000e-01 3.0000e-01 3.5000e-01 5.5000e-01 3.0000e-01 3.0000e-01 5.5000e-01 
Q 1  3.5000e-01 3.5000e-01 6.5000e-01 3.5000e-01 4.0000e-01 6.5000e-01 3.0000e-01 4.0000e-01 6.5000e-01 3.0000e-01 3.5000e-01 6.5000e-01 
Q 1  3.5000e-01 4.0000e-01 6.5000e-01 3.5000e-01 4.5000e-01 6.5000e-01 3.0000e-01 4.5000e-01 6.5000e-01 3.0000e-01 4.0000e-01 6.5000e-01 
Q 1  3.5000e-01 4.5000e-01 7.0000e-01 3.5000e-01 5.0000e-01 7.0000e-01 3.0000e-01 5.0000e-01 7.0000e-01 3.0000e-01 4.5000e-01 7.0000e-01 
Q 1  3.5000e-01 5.0000e-01 7.0000e-01 3.5000e-01 5.5000e-01 7.0000e-01 3.0000e-01 5.5000e-01 7.0000e-01 3.0000e-01 5.0000e-01 7.0000e-01 
Q 1  3.5000e-01 5.5000e-01 6.5000e-01 3.5000e-01 6.0000e-01 6.5000e-01 3.0000e-01 6.0000e-01 6.5000e-01 3.0000e-01 5.5000e-01 6.5000e-01 
Q 1  3.5000e-01 6.0000e-01 6.5000e-01 3.5000e-01 6.5000e-01 6.5000e-01 3.0000e-01 6.5000e-01 6.5000e-01 3.0000e-01 6.0000e-01 6.5000e-01 
Q 1  3.5000e-01 6.5000e-01 5.5000e-01 3.5000e-01 7.0000e-01 5.5000e-01 3.0000e-01 7.0000e-01 5.5000e-01 3.0000e-01 6.5000e-01 5.5000e-01 
Q 1  4.0000e-01 3.0000e-01 6.5000e-01 4.0000e-01 3.5000e-01 6.5000e-01 3.5000e-01 3.5000e-01 6.5000e-01 3.5000e-01 3.0000e-01 6.5000e-01 
Q 1  4.0000e-01 3.5000e-01 7.0000e-01 4.0000e-01 4.0000e-01 7.0000e-01 3.5000e-01 4.0000e-01 7.0000e-01 3.5000e-01 3.5000e-01 7.0000e-01 
Q 1  4.0000e-01 4.0000e-01 7.0000e-01 4.0000e-01 4.5000e-01 7.0000e-01 3.5000e-01 4.5000e-01 7.0000e-01 3.5000e-01 4.0000e-01 7.0000e-01 
Q 1  4.0000e-01 4.5000e-01 7.0000e-01 4.0000e-01 5.0000e-01 7.0000e-01 3.5000e-01 5.0000e-01 7.0000e-01 3.5000e-01 4.5000e-01 7.0000e-01 
Q 1  4.0000e-01 5.0000e-01 7.0000e-01 4.0000e-01 5.5000e-01 7.0000e-01 3.5000e-01 5.5000e-01 7.0000e-01 3.5000e-01 5.0000e-01 7.0000e-01 
Q 1  4.0000e-01 5.5000e-01 7.0000e-01 4.0000e-01 6.0000e-01 7.0000e-01 3.5000e-01 6.0000e-01 7.0000e-01 3.5000e-01 5.5000e-01 7.0000e-01 
Q 1  4.0000e-01 6.0000e-01 7.0000e-01 4.0000e-01 6.5000e-01 7.0000e-01 3.5000e-01 6.5000e-01 7.0000e-01 3.5000e-01 6.0000e-01 7.0000e-01 
Q 1  4.0000e-01 6.5000e-01 6.5000e-01 4.0000e-01 7.0000e-01 6.5000e-01 3.5000e-01 7.0000e-01 6.5000e-01 3.5000e-01 6.5000e-01 6.5000e-01 
Q 1  4.5000e-01 2.5000e-01 6.0000e-01 4.5000e-01 3.0000e-01 6.0000e-01 4.0000e-01 3.0000e-01 6.0000e-01 4.0000e-01 2.5000e-01 6.0000e-01 
Q 1  4.5000e-01 3.0000e-01 6.5000e-01 4.5000e-01 3.5000e-01 6.5000e-01 4.0000e-01 3.5000e-01 6.5000e-01 4.0000e-01 3.0000e-01 6.5000e-01 
Q 1  4.5000e-01 3.5000e-01 7.0000e-01 4.5000e-01 4.0000e-01 7.0000e-01 4.0000e-01 4.0000e-01 7.0000e-01 4.0000e-01 3.5000e-01 7.0000e-01 
Q 1  4.5000e-01 4.0000e-01 7.5000e-01 4.5000e-01 4.5000e-01 7.5000e-01 4.0000e-01 4.5000e-01 7.5000e-01 4.0000e-01 4.0000e-01 7.5000e-01 
Q 1  4.5000e-01 4.5000e-01 7.5000e-01 4.5000e-01 5.0000e-01 7.5000e-01 4.0000e-01 5.0000e-01 7.5000e-01 4.0000e-01 4.5000e-01 7.5000e-01 
Q 1  4.5000e-01 5.0000e-01 7.5000e-01 4.5000e-01 5.5000e-01 7.5000e-01 4.0000e-01 5.5000e-01 7.5000e-01 4.0000e-01 5.0000e-01 7.5000e-01 
Q 1  4.5000e-01 5.5000e-01 7.5000e-01 4.5000e-01 6.0000e-01 7.5000e-01 4.0000e-01 6.0000e-01 7.5000e-01 4.0000e-01 5.5000e-01 7.5000e-01 
Q 1  4.5000e-01 6.0000e-01 7.0000e-01 4.5000e-01 6.5000e-01 7.0000e-01 4.0000e-01 6.5000e-01 7.0000e-01 4.0000e-01 6.0000e-01 7.0000e-01 
Q 1  4.5000e-01 6.5000e-01 6.5000e-01 4.5000e-01 7.0000e-01 6.5000e-01 4.0000e-01 7.0000e-01 6.5000e-01 4.0000e-01 6.5000e-01 6.5000e-01 
Q 1  4.5000e-01 7.0000e-01 6.0000e-01 4.5000e-01 7.5000e-01 6.0000e-01 4.0000e-01 7.5000e-01 6.0000e-01 4.0000e-01 7.0000e-01 6.0000e-01 
Q 1  5.0000e-01 2.5000e-01 6.0000e-01 5.0000e-01 3.0000e-01 6.0000e-01 4.5000e-01 3.0000e-01 6.0000e-01 4.5000e-01 2.5000e-01 6.0000e-01 
Q 1  5.0000e-01 3.0000e-01 7.0000e-01 5.0000e-01 3.5000e-01 7.0000e-01 4.5000e-01 3.5000e-01 7.0000e-01 4.5000e-01 3.0000e-01 7.0000e-01 
Q 1  5.0000e-01 3.5000e-01 7.0000e-01 5.0000e-01 4.0000e-01 7.0000e-01 4.5000e-01 4.0000e-01 7.0000e-01 4.5000e-01 3.5000e-01 7.0000e-01 
Q 1  5.0000e-01 4.0000e-01 7.5000e-01 5.0000e-01 4.5000e-01 7.5000e-01 4.5000e-01 4.5000e-01 7.5000e-01 4.5000e-01 4.0000e-01 7.5000e-01 
Q 1  5.0000e-01 4.5000e-01 7.5000e-01 5.0000e-01 5.0000e-01 7.5000e-01 4.5000e-01 5.0000e-01 7.5000e-01 4.5000e-01 4.5000e-01 7.5000e-01 
Q 1  5.0000e-01 5.0000e-01 7.5000e-01 5.0000e-01 5.5000e-01 7.5000e-01 4.5000e-01 5.5000e-01 7.5000e-01 4.5000e-01 5.0000e-01 7.5000e-01 
Q 1  5.0000e-01 5.5000e-01 7.5000e-01 5.0000e-01 6.0000e-01 7.5000e-01 4.5000e-01 6.0000e-01 7.5000e-01 4.5000e-01 5.5000e-01 7.5000e-01 
Q 1  5.0000e-01 6.0000e-01 7.0000e-01 5.0000e-01 6.5000e-01 7.0000e-01 4.5000e-01 6.5000e-01 7.0000e-01 4.5000e-01 6.0000e-01 7.0000e-01 
Q 1  5.0000e-01 6.5000e-01 7.0000e-01 5.0000e-01 7.0000e-01 7.0000e-01 4.5000e-01 7.0000e-01 7.0000e-01 4.5000e-01 6.5000e-01 7.0000e-01 
Q 1  5.0000e-01 7.0000e-01 6.0000e-01 5.0000e-01 7.5000e-01 6.0000e-01 4.5000e-01 7.5000e-01 6.0000e-01 4.5000e-01 7.0000e-01 6.0000e-01 
Q 1  5.5000e-01 2.5000e-01 6.0000e-01 5.5000e-01 3.0000e-01 6.0000e-01 5.0000e-01 3.0000e-01 6.0000e-01 5.0000e-01 2.5000e-01 6.0000e-01 
Q 1  5.5000e-01 3.0000e-01 7.0000e-01 5.5000e-01 3.5000e-01 7.0000e-01 5.0000e-01 3.5000e-01 7.0000e-01 5.0000e-01 3.0000e-01 7.0000e-01 
Q 1  5.5000e-01 3.5000e-01 7.0000e-01 5.5000e-01 4.0000e-01 7.0000e-01 5.0000e-01 4.0000e-01 7.0000e-01 5.0000e-01 3.5000e-01 7.0000e-01 
Q 1  5.5000e-01 4.0000e-01 7.5000e-01 5.5000e-01 4.5000e-01 7.5000e-01 5.0000e-01 4.5000e-01 7.5000e-01 5.0000e-01 4.0000e-01 7.5000e-01 
Q 1  5.5000e-01 4.5000e-01 7.5000e-01 5.5000e-01 5.0000e-01 7.5000e-01 5.0000e-01 5.0000e-01 7.5000e-01 5.0000e-01 4.5000e-01 7.5000e-01 
Q 1  5.5000e-01 5.0000e-01 7.5000e-01 5.5000e-01 5.5000e-01 7.5000e-01 5.0000e-01 5.5000e-01 7.5000e-01 5.0000e-01 5.0000e-01 7.5000e-01 
Q 1  5.5000e-01 5.5000e-01 7.5000e-01 5.5000e-01 6.0000e-01 7.5000e-01 5.0000e-01 6.0000e-01 7.5000e-01 5.0000e-01 5.5000e-01 7.5000e-01 
Q 1  5.5000e-01 6.0000e-01 7.0000e-01 5.5000e-01 6.5000e-01 7.0000e-01 5.0000e-01 6.5000e-01 7.0000e-01 5.0000e-01 6.0000e-01 7.0000e-01 
Q 1  5.5000e-01 6.5000e-01 7.0000e-01 5.5000e-01 7.0000e-01 7.0000e-01 5.0000e-01 7.0000e-01 7.0000e-01 5.0000e-01 6.5000e-01 7.0000e-01 
Q 1  5.5000e-01 7.0000e-01 6.0000e-01 5.5000e-01 7.5000e-01 6.0000e-01 5.0000e-01 7.5000e-01 6.0000e-01 5.0000e-01 7.0000e-01 6.0000e-01 
Q 1  6.0000e-01 2.5000e-01 6.0000e-01 6.0000e-01 3.0000e-01 6.0000e-01 5.5000e-01 3.0000e-01 6.0000e-01 5.5000e-01 2.5000e-01 6.0000e-01 
Q 1  6.0000e-01 3.0000e-01 6.5000e-01 6.0000e-01 3.5000e-01 6.5000e-01 5.5000e-01 3.5000e-01 6.5000e-01 5.5000e-01 3.0000e-01 6.5000e-01 
Q 1  6.0000e-01 3.5000e-01 7.0000e-01 6.0000e-01 4.0000e-01 7.0000e-01 5.5000e-01 4.0000e-01 7.0000e-01 5.5000e-01 3.5000e-01 7.0000e-01 
Q 1  6.0000e-01 4.0000e-01 7.5000e-01 6.0000e-01 4.5000e-01 7.5000e-01 5.5000e-01 4.5000e-01 7.5000e-01 5.5000e-01 4.0000e-01 7.5000e-01 
Q 1  6.0000e-01 4.5000e-01 7.5000e-01 6.0000e-01 5.0000e-01 7.5000e-01 5.5000e-01 5.0000e-01 7.5000e-01 5.5000e-01 4.5000e-01 7.5000e-01 
Q 1  6.0000e-01 5.0000e-01 7.5000e-01 6.0000e-01 5.5000e-01 7.5000e-01 5.5000e-01 5.5000e-01 7.5000e-01 5.5000e-01 5.0000e-01 7.5000e-01 
Q 1  6.0000e-01 5.5000e-01 7.5000e-01 6.0000e-01 6.0000e-01 7.5000e-01 5.5000e-01 6.0000e-01 7.5000e-01 5.5000e-01 5.5000e-01 7.5000e-01 
Q 1  6.0000e-01 6.0000e-01 7.0000e-01 6.0000e-01 6.5000e-01 7.0000e-01 5.5000e-01 6.5000e-01 7.0000e-01 5.5000e-01 6.0000e-01 7.0000e-01 
Q 1  6.0000e-01 6.5000e-01 6.5000e-01 6.0000e-01 7.0000e-01 6.5000e-01 5.5000e-01 7.0000e-01 6.5000e-01 5.5000e-01 6.5000e-01 6.5000e-01 
Q 1  6.0000e-01 7.0000e-01 6.0000e-01 6.0000e-01 7.5000e-01 6.0000e-01 5.5000e-01 7.5000e-01 6.0000e-01 5.5000e-01 7.0000e-01 6.0000e-01 
Q 1  6.5000e-01 3.0000e-01 6.5000e-01 6.5000e-01 3.5000e-01 6.5000e-01 6.0000e-01 3.5000e-01 6.5000e-01 6.0000e-01 3.0000e-01 6.5000e-01 
Q 1  6.5000e-01 3.5000e-01 7.0000e-01 6.5000e-01 4.0000e-01 7.0000e-01 6.0000e-01 4.0000e-01 7.0000e-01 6.0000e-01 3.5000e-01 7.0000e-01 
Q 1  6.5000e-01 4.0000e-01 7.0000e-01 6.5000e-01 4.5000e-01 7.0000e-01 6.0000e-01 4.5000e-01 7.0000e-01 6.0000e-01 4.0000e-01 7.0000e-01 
Q 1  6.5000e-01 4.5000e-01 7.0000e-01 6.5000e-01 5.0000e-01 7.0000e-01 6.0000e-01 5.0000e-01 7.0000e-01 6.0000e-01 4.5000e-01 7.0000e-01 
Q 1  6.5000e-01 5.0000e-01 7.0000e-01 6.5000e-01 5.5000e-01 7.0000e-01 6.0000e-01 5.5000e-01 7.0000e-01 6.0000e-01 5.0000e-01 7.0000e-01 
Q 1  6.5000e-01 5.5000e-01 7.0000e-01 6.5000e-01 6.0000e-01 7.0000e-01 6.0000e-01 6.0000e-01 7.0000e-01 6.0000e-01 5.5000e-01 7.0000e-01 
Q 1  6.5000e-01 6.0000e-01 7.0000e-01 6.5000e-01 6.5000e-01 7.0000e-01 6.0000e-01 6.5000e-01 7.0000e-01 6.0000e-01 6.0000e-01 7.0000e-01 
Q 1  6.5000e-01 6.5000e-01 6.5000e-01 6.5000e-01 7.0000e-01 6.5000e-01 6.0000e-01 7.0000e-01 6.5000e-01 6.0000e-01 6.5000e-01 6.5000e-01 
Q 1  7.0000e-01 3.0000e-01 5.5000e-01 7.0000e-01 3.5000e-01 5.5000e-01 6.5000e-01 3.5000e-01 5.5000e-01 6.5000e-01 3.0000e-01 5.5000e-01 
Q 1  7.0000e-01 3.5000e-01 6.5000e-01 7.0000e-01 4.0000e-01 6.5000e-01 6.5000e-01 4.0000e-01 6.5000e-01 6.5000e-01 3.5000e-01 6.5000e-01 
Q 1  7.0000e-01 4.0000e-01 6.5000e-01 7.0000e-01 4.5000e-01 6.5000e-01 6.5000e-01 4.5000e-01 6.5000e-01 6.5000e-01 4.0000e-01 6.5000e-01 
Q 1  7.0000e-01 4.5000e-01 7.0000e-01 7.0000e-01 5.0000e-01 7.0000e-01 6.5000e-01 5.0000e-01 7.0000e-01 6.5000e-01 4.5000e-01 7.0000e-01 
Q 1  7.0000e-01 5.0000e-01 7.0000e-01 7.0000e-01 5.5000e-01 7.0000e-01 6.5000e-01 5.5000e-01 7.0000e-01 6.5000e-01 5.0000e-01 7.0000e-01 
Q 1  7.0000e-01 5.5000e-01 6.5000e-01 7.0000e-01 6.0000e-01 6.5000e-01 6.5000e-01 6.0000e-01 6.5000e-01 6.5000e-01 5.5000e-01 6.5000e-01 
Q 1  7.0000e-01 6.0000e-01 6.5000e-01 7.0000e-01 6.5000e-01 6.5000e-01 6.5000e-01 6.5000e-01 6.5000e-01 6.5000e-01 6.0000e-01 6.5000e-01 
Q 1  7.0000e-01 6.5000e-01 5.5000e-01 7.0000e-01 7.0000e-01 5.5000e-01 6.5000e-01 7.0000e-01 5.5000e-01 6.5000e-01 6.5000e-01 5.5000e-01 
Q 1  7.5000e-01 4.0000e-01 6.0000e-01 7.5000e-01 4.5000e-01 6.0000e-01 7.0000e-01 4.5000e-01 6.0000e-01 7.0000e-01 4.0000e-01 6.0000e-01 
Q 1  7.5000e-01 4.5000e-01 6.0000e-01 7.5000e-01 5.0000e-01 6.0000e-01 7.0000e-01 5.0000e-01 6.0000e-01 7.0000e-01 4.5000e-01 6.0000e-01 
Q 1  7.5000e-01 5.0000e-01 6.0000e-01 7.5000e-01 5.5000e-01 6.0000e-01 7.0000e-01 5.5000e-01 6.0000e-01 7.0000e-01 5.0000e-01 6.0000e-01 
Q 1  7.5000e-01 5.5000e-01 6.0000e-01 7.5000e-01 6.0000e-01 6.0000e-01 7.0000e-01 6.0000e-01 6.0000e-01 7.0000e-01 5.5000e-01 6.0000e-01 
Q 1  3.0000e-01 4.0000e-01 4.0000e-01 3.0000e-01 4.5000e-01 4.0000e-01 2.5000e-01 4.5000e-01 4.0000e-01 2.5000e-01 4.0000e-01 4.0000e-01 
Q 1  3.0000e-01 4.5000e-01 4.0000e-01 3.0000e-01 5.0000e-01 4.0000e-01 2.5000e-01 5.0000e-01 4.0000e-01 2.5000e-01 4.5000e-01 4.0000e-01 
Q 1  3.0000e-01 5.0000e-01 4.0000e-01 3.0000e-01 5.5000e-01 4.0000e-01 2.5000e-01 5.5000e-01 4.0000e-01 2.5000e-01 5.0000e-01 4.0000e-01 
Q 1  3.0000e-01 5.5000e-01 4.0000e-01 3.0000e-01 6.0000e-01 4.0000e-01 2.5000e-01 6.0000e-01 4.0000e-01 2.5000e-01 5.5000e-01 4.0000e-01 
Q 1  3.5000e-01 3.0000e-01 4.5000e-01 3.5000e-01 3.5000e-01 4.5000e-01 3.0000e-01 3.5000e-01 4.5000e-01 3.0000e-01 3.0000e-01 4.5000e-01 
Q 1  3.5000e-01 3.5000e-01 3.5000e-01 3.5000e-01 4.0000e-01 3.5000e-01 3.0000e-01 4.0000e-01 3.5000e-01 3.0000e-01 3.5000e-01 3.5000e-01 
Q 1  3.5000e-01 4.0000e-01 3.5000e-01 3.5000e-01 4.5000e-01 3.5000e-01 3.0000e-01 4.5000e-01 3.5000e-01 3.0000e-01 4.0000e-01 3.5000e-01 
Q 1  3.5000e-01 4.5000e-01 3.0000e-01 3.5000e-01 5.0000e-01 3.0000e-01 3.0000e-01 5.0000e-01 3.0000e-01 3.0000e-01 4.5000e-01 3.0000e-01 
Q 1  3.5000e-01 5.0000e-01 3.0000e-01 3.5000e-01 5.5000e-01 3.0000e-01 3.0000e-01 5.5000e-01 3.0000e-01 3.0000e-01 5.0000e-01 3.0000e-01 
Q 1  3.5000e-01 5.5000e-01 3.5000e-01 3.5000e-01 6.0000e-01 3.5000e-01 3.0000e-01 6.0000e-01 3.5000e-01 3.0000e-01 5.5000e-01 3.5000e-01 
Q 1  3.5000e-01 6.0000e-01 3.5000e-01 3.5000e-01 6.5000e-01 3.5000e-01 3.0000e-01 6.5000e-01 3.5000e-01 3.0000e-01 6.0000e-01 3.5000e-01 
Q 1  3.5000e-01 6.5000e-01 4.5000e-01 3.5000e-01 7.0000e-01 4.5000e-01 3.0000e-01 7.0000e-01 4.5000e-01 3.0000e-01 6.5000e-01 4.5000e-01 
Q 1  4.0000e-01 3.0000e-01 3.5000e-01 4.0000e-01 3.5000e-01 3.5000e-01 3.5000e-01 3.5000e-01 3.5000e-01 3.5000e-01 3.0000e-01 3.5000e-01 
Q 1  4.0000e-01 3.5000e-01 3.0000e-01 4.0000e-01 4.0000e-01 3.0000e-01 3.5000e-01 4.0000e-01 3.0000e-01 3.5000e-01 3.5000e-01 3.0000e-01 
Q 1  4.0000e-01 4.0000e-01 3.0000e-01 4.0000e-01 4.5000e-01 3.0000e-01 3.5000e-01 4.5000e-01 3.0000e-01 3.5000e-01 4.0000e-01 3.0000e-01 
Q 1  4.0000e-01 4.5000e-01 3.0000e-01 4.0000e-01 5.0000e-01 3.0000e-01 3.5000e-01 5.0000e-01 3.0000e-01 3.5000e-01 4.5000e-01 3.0000e-01 
Q 1  4.0000e-01 5.0000e-01 3.0000e-01 4.0000e-01 5.5000e-01 3.0000e-01 3.5000e-01 5.5000e-01 3.0000e-01 3.5000e-01 5.0000e-01 3.0000e-01 
Q 1  4.0000e-01 5.5000e-01 3.0000e-01 4.0000e-01 6.0000e-01 3.0000e-01 3.5000e-01 6.0000e-01 3.0000e-01 3.5000e-01 5.5000e-01 3.0000e-01 
Q 1  4.0000e-01 6.0000e-01 3.0000e-01 4.0000e-01 6.5000e-01 3.0000e-01 3.5000e-01 6.5000e-01 3.0000e-01 3.5000e-01 6.0000e-01 3.0000e-01 
Q 1  4.0000e-01 6.5000e-01 3.5000e-01 4.0000e-01 7.0000e-01 3.5000e-01 3.5000e-01 7.0000e-01 3.5000e-01 3.5000e-01 6.5000e-01 3.5000e-01 
Q 1  4.5000e-01 2.5000e-01 4.0000e-01 4.5000e-01 3.0000e-01 4.0000e-01 4.0000e-01 3.0000e-01 4.0000e-01 4.0000e-01 2.5000e-01 4.0000e-01 
Q 1  4.5000e-01 3.0000e-01 3.5000e-01 4.5000e-01 3.5000e-01 3.5000e-01 4.0000e-01 3.5000e-01 3.5000e-01 4.0000e-01 3.0000e-01 3.5000e-01 
Q 1  4.5000e-01 3.5000e-01 3.0000e-01 4.5000e-01 4.0000e-01 3.0000e-01 4.0000e-01 4.0000e-01 3.0000e-01 4.0000e-01 3.5000e-01 3.0000e-01 
Q 1  4.5000e-01 4.0000e-01 2.5000e-01 4.5000e-01 4.5000e-01 2.5000e-01 4.0000e-01 4.5000e-01 2.5000e-01 4.0000e-01 4.0000e-01 2.5000e-01 
Q 1  4.5000e-01 4.5000e-01 2.5000e-01 4.5000e-01 5.0000e-01 2.5000e-01 4.0000e-01 5.0000e-01 2.5000e-01 4.0000e-01 4.5000e-01 2.5000e-01 
Q 1  4.5000e-01 5.0000e-01 2.5000e-01 4.5000e-01 5.5000e-01 2.5000e-01 4.0000e-01 5.5000e-01 2.5000e-01 4.0000e-01 5.0000e-01 2.5000e-01 
Q 1  4.5000e-01 5.5000e-01 2.5000e-01 4.5000e-01 6.0000e-01 2.5000e-01 4.0000e-01 6.0000e-01 2.5000e-01 4.0000e-01 5.5000e-01 2.5000e-01 
Q 1  4.5000e-01 6.0000e-01 3.0000e-01 4.5000e-01 6.5000e-01 3.0000e-01 4.0000e-01 6.5000e-01 3.0000e-01 4.0000e-01 6.0000e-01 3.0000e-01 
Q 1  4.5000e-01 6.5000e-01 3.5000e-01 4.5000e-01 7.0000e-01 3.5000e-01 4.0000e-01 7.0000e-01 3.5000e-01 4.0000e-01 6.5000e-01 3.5000e-01 
Q 1  4.5000e-01 7.0000e-01 4.0000e-01 4.5000e-01 7.5000e-01 4.0000e-01 4.0000e-01 7.5000e-01 4.0000e-01 4.0000e-01 7.0000e-01 4.0000e-01 
Q 1  5.0000e-01 2.5000e-01 4.0000e-01 5.0000e-01 3.0000e-01 4.0000e-01 4.5000e-01 3.0000e-01 4.0000e-01 4.5000e-01 2.5000e-01 4.0000e-01 
Q 1  5.0000e-01 3.0000e-01 3.0000e-01 5.0000e-01 3.5000e-01 3.0000e-01 4.5000e-01 3.5000e-01 3.0000e-01 4.5000e-01 3.0000e-01 3.0000e-01 
Q 1  5.0000e-01 3.5000e-01 3.0000e-01 5.0000e-01 4.0000e-01 3.0000e-01 4.5000e-01 4.0000e-01 3.0000e-01 4.5000e-01 3.5000e-01 3.0000e-01 
Q 1  5.0000e-01 4.0000e-01 2.5000e-01 5.0000e-01 4.5000e-01 2.5000e-01 4.5000e-01 4.5000e-01 2.5000e-01 4.5000e-01 4.0000e-01 2.5000e-01 
Q 1  5.0000e-01 4.5000e-01 2.5000e-01 5.0000e-01 5.0000e-01 2.5000e-01 4.5000e-01 5.0000e-01 2.5000e-01 4.5000e-01 4.5000e-01 2.5000e-01 
Q 1  5.0000e-01 5.0000e-01 2.5000e-01 5.0000e-01 5.5000e-01 2.5000e-01 4.5000e-01 5.5000e-01 2.5000e-01 4.5000e-01 5.0000e-01 2.5000e-01 
Q 1  5.0000e-01 5.5000e-01 2.5000e-01 5.0000e-01 6.0000e-01 2.5000e-01 4.5000e-01 6.0000e-01 2.5000e-01 4.5000e-01 5.5000e-01 2.5000e-01 
Q 1  5.0000e-01 6.0000e-01 3.0000e-01 5.0000e-01 6.5000e-01 3.0000e-01 4.5000e-01 6.5000e-01 3.0000e-01 4.5000e-01 6.0000e-01 3.0000e-01 
Q 1  5.0000e-01 6.5000e-01 3.0000e-01 5.0000e-01 7.0000e-01 3.0000e-01 4.5000e-01 7.0000e-01 3.0000e-01 4.5000e-01 6.5000e-01 3.0000e-01 
Q 1  5.0000e-01 7.0000e-01 4.0000e-01 5.0000e-01 7.5000e-01 4.0000e-01 4.5000e-01 7.5000e-01 4.0000e-01 4.5000e-01 7.0000e-01 4.0000e-01 
Q 1  5.5000e-01 2.5000e-01 4.0000e-01 5.5000e-01 3.0000e-01 4.0000e-01 5.0000e-01 3.0000e-01 4.0000e-01 5.0000e-01 2.5000e-01 4.0000e-01 
Q 1  5.5000e-01 3.0000e-01 3.0000e-01 5.5000e-01 3.5000e-01 3.0000e-01 5.0000e-01 3.5000e-01 3.0000e-01 5.0000e-01 3.0000e-01 3.0000e-01 
Q 1  5.5000e-01 3.5000e-01 3.0000e-01 5.5000e-01 4.0000e-01 3.0000e-01 5.0000e-01 4.0000e-01 3.0000e-01 5.0000e-01 3.5000e-01 3.0000e-01 
Q 1  5.5000e-01 4.0000e-01 2.5000e-01 5.5000e-01 4.5000e-01 2.5000e-01 5.0000e-01 4.5000e-01 2.5000e-01 5.0000e-01 4.0000e-01 2.5000e-01 
Q 1  5.5000e-01 4.5000e-01 2.5000e-01 5.5000e-01 5.0000e-01 2.5000e-01 5.0000e-01 5.0000e-01 2.5000e-01 5.0000e-01 4.5000e-01 2.5000e-01 
Q 1  5.5000e-01 5.0000e-01 2.5000e-01 5.5000e-01 5.5000e-01 2.5000e-01 5.0000e-01 5.5000e-01 2.5000e-01 5.0000e-01 5.0000e-01 2.5000e-01 
Q 1  5.5000e-01 5.5000e-01 2.5000e-01 5.5000e-01 6.0000e-01 2.5000e-01 5.0000e-01 6.0000e-01 2.5000e-01 5.0000e-01 5.5000e-01 2.5000e-01 
Q 1  5.5000e-01 6.0000e-01 3.0000e-01 5.5000e-01 6.5000e-01 3.0000e-01 5.0000e-01 6.5000e-01 3.0000e-01 5.0000e-01 6.0000e-01 3.0000e-01 
Q 1  5.5000e-01 6.5000e-01 3.0000e-01 5.5000e-01 7.0000e-01 3.0000e-01 5.0000e-01 7.0000e-01 3.0000e-01 5.0000e-01 6.5000e-01 3.0000e-01 
Q 1  5.5000e-01 7.0000e-01 4.0000e-01 5.5000e-01 7.5000e-01 4.0000e-01 5.0000e-01 7.5000e-01 4.0000e-01 5.0000e-01 7.0000e-01 4.0000e-01 
Q 1  6.0000e-01 2.5000e-01 4.0000e-01 6.0000e-01 3.0000e-01 4.0000e-01 5.5000e-01 3.0000e-01 4.0000e-01 5.5000e-01 2.5000e-01 4.0000e-01 
Q 1  6.0000e-01 3.0000e-01 3.5000e-01 6.0000e-01 3.5000e-01 3.5000e-01 5.5000e-01 3.5000e-01 3.5000e-01 5.5000e-01 3.0000e-01 3.5000e-01 
Q 1  6.0000e-01 3.5000e-01 3.0000e-01 6.0000e-01 4.0000e-01 3.0000e-01 5.5000e-01 4.0000e-01 3.0000e-01 5.5000e-01 3.5000e-01 3.0000e-01 
Q 1  6.0000e-01 4.0000e-01 2.5000e-01 6.0000e-01 4.5000e-01 2.5000e-01 5.5000e-01 4.5000e-01 2.5000e-01 5.5000e-01 4.0000e-01 2.5000e-01 
Q 1  6.0000e-01 4.5000e-01 2.5000e-01 6.0000e-01 5.0000e-01 2.5000e-01 5.5000e-01 5.0000e-01 2.5000e-01 5.5000e-01 4.5000e-01 2.5000e-01 
Q 1  6.0000e-01 5.0000e-01 2.5000e-01 6.0000e-01 5.5000e-01 2.5000e-01 5.5000e-01 5.5000e-01 2.5000e-01 5.5000e-01 5.0000e-01 2.5000e-01 
Q 1  6.0000e-01 5.5000e-01 2.5000e-01 6.0000e-01 6.0000e-01 2.5000e-01 5.5000e-01 6.0000e-01 2.5000e-01 5.5000e-01 5.5000e-01 2.5000e-01 
Q 1  6.0000e-01 6.0000e-01 3.0000e-01 6.0000e-01 6.5000e-01 3.0000e-01 5.5000e-01 6.5000e-01 3.0000e-01 5.5000e-01 6.0000e-01 3.0000e-01 
Q 1  6.0000e-01 6.5000e-01 3.5000e-01 6.0000e-01 7.0000e-01 3.5000e-01 5.5000e-01 7.0000e-01 3.5000e-01 5.5000e-01 6.5000e-01 3.5000e-01 
Q 1  6.0000e-01 7.0000e-01 4.0000e-01 6.0000e-01 7.5000e-01 4.0000e-01 5.5000e-01 7.5000e-01 4.0000e-01 5.5000e-01 7.0000e-01 4.0000e-01 
Q 1  6.5000e-01 3.0000e-01 3.5000e-01 6.5000e-01 3.5000e-01 3.5000e-01 6.0000e-01 3.5000e-01 3.5000e-01 6.0000e-01 3.0000e-01 3.5000e-01 
Q 1  6.5000e-01 3.5000e-01 3.0000e-01 6.5000e-01 4.0000e-01 3.0000e-01 6.0000e-01 4.0000e-01 3.0000e-01 6.0000e-01 3.5000e-01 3.0000e-01 
Q 1  6.5000e-01 4.0000e-01 3.0000e-01 6.5000e-01 4.5000e-01 3.0000e-01 6.0000e-01 4.5000e-01 3.0000e-01 6.0000e-01 4.0000e-01 3.0000e-01 
Q 1  6.5000e-01 4.5000e-01 3.0000e-01 6.5000e-01 5.0000e-01 3.0000e-01 6.0000e-01 5.0000e-01 3.0000e-01 6.0000e-01 4.5000e-01 3.0000e-01 
Q 1  6.5000e-01 5.0000e-01 3.0000e-01 6.5000e-01 5.5000e-01 3.0000e-01 6.0000e-01 5.5000e-01 3.0000e-01 6.0000e-01 5.0000e-01 3.0000e-01 
Q 1  6.5000e-01 5.5000e-01 3.0000e-01 6.5000e-01 6.0000e-01 3.0000e-01 6.0000e-01 6.0000e-01 3.0000e-01 6.0000e-01 5.5000e-01 3.0000e-01 
Q 1  6.5000e-01 6.0000e-01 3.0000e-01 6.5000e-01 6.5000e-01 3.0000e-01 6.0000e-01 6.5000e-01 3.0000e-01 6.0000e-01 6.0000e-01 3.0000e-01 
Q 1  6.5000e-01 6.5000e-01 3.5000e-01 6.5000e-01 7.0000e-01 3.5000e-01 6.0000e-01 7.0000e-01 3.5000e-01 6.0000e-01 6.5000e-01 3.5000e-01 
Q 1  7.0000e-01 3.0000e-01 4.5000e-01 7.0000e-01 3.5000e-01 4.5000e-01 6.5000e-01 3.5000e-01 4.5000e-01 6.5000e-01 3.0000e-01 4.5000e-01 
Q 1  7.0000e-01 3.5000e-01 3.5000e-01 7.0000e-01 4.0000e-01 3.5000e-01 6.5000e-01 4.0000e-01 3.5000e-01 6.5000e-01 3.5000e-01 3.5000e-01 
Q 1  7.0000e-01 4.0000e-01 3.5000e-01 7.0000e-01 4.5000e-01 3.5000e-01 6.5000e-01 4.5000e-01 3.5000e-01 6.5000e-01 4.0000e-01 3.5000e-01 
Q 1  7.0000e-01 4.5000e-01 3.0000e-01 7.0000e-01 5.0000e-01 3.0000e-01 6.5000e-01 5.0000e-01 3.0000e-01 6.5000e-01 4.5000e-01 3.0000e-01 
Q 1  7.0000e-01 5.0000e-01 3.0000e-01 7.0000e-01 5.5000e-01 3.0000e-01 6.5000e-01 5.5000e-01 3.0000e-01 6.5000e-01 5.0000e-01 3.0000e-01 
Q 1  7.0000e-01 5.5000e-01 3.5000e-01 7.0000e-01 6.0000e-01 3.5000e-01 6.5000e-01 6.0000e-01 3.5000e-01 6.5000e-01 5.5000e-01 3.5000e-01 
Q 1  7.0000e-01 6.0000e-01 3.5000e-01 7.0000e-01 6.5000e-01 3.5000e-01 6.5000e-01 6.5000e-01 3.5000e-01 6.5000e-01 6.0000e-01 3.5000e-01 
Q 1  7.0000e-01 6.5000e-01 4.5000e-01 7.0000e-01 7.0000e-01 4.5000e-01 6.5000e-01 7.0000e-01 4.5000e-01 6.5000e-01 6.5000e-01 4.5000e-01 
Q 1  7.5000e-01 4.0000e-01 4.0000e-01 7.5000e-01 4.5000e-01 4.0000e-01 7.0000e-01 4.5000e-01 4.0000e-01 7.0000e-01 4.0000e-01 4.0000e-01 
Q 1  7.5000e-01 4.5000e-01 4.0000e-01 7.5000e-01 5.0000e-01 4.0000e-01 7.0000e-01 5.0000e-01 4.0000e-01 7.0000e-01 4.5000e-01 4.0000e-01 
Q 1  7.5000e-01 5.0000e-01 4.0000e-01 7.5000e-01 5.5000e-01 4.0000e-01 7.0000e-01 5.5000e-01 4.0000e-01 7.0000e-01 5.0000e-01 4.0000e-01 
Q 1  7.5000e-01 5.5000e-01 4.0000e-01 7.5000e-01 6.0000e-01 4.0000e-01 7.0000e-01 6.0000e-01 4.0000e-01 7.0000e-01 5.5000e-01 4.0000e-01 
